0.1, 0.0, 20, 3.99738466158
0.1, 0.0, 40, 3.90574892288
0.1, 0.0, 60, 3.74580033749
0.1, 0.0, 80, 3.48998468557
0.1, 0.0, 100, 3.11363633596
0.1, 0.0, 120, 2.62001787082
0.1, 0.0, 140, 2.09108797859
0.1, 0.0, 160, 1.63439329621
0.1, 0.0, 180, 1.28310472947
0.1, 0.0, 200, 1.01834386129
0.1, 0.0, 220, 0.817521589661
0.1, 0.0, 240, 0.66423988294
0.1, 0.0, 260, 0.546581057175
0.1, 0.0, 280, 0.455628103378
0.1, 0.0, 300, 0.38468723458
0.1, 0.0, 320, 0.328771881055
0.1, 0.0, 340, 0.284195033525
0.1, 0.0, 360, 0.248239817669
0.1, 0.0, 380, 0.218902045332
0.1, 0.0, 400, 0.194696285784
0.1, 0.0, 420, 0.174513600809
0.1, 0.0, 440, 0.157518792586
0.1, 0.0, 460, 0.143076712786
0.1, 0.0, 480, 0.13069946921
0.1, 0.0, 500, 0.120008490012
0.1, 0.0, 520, 0.110707109878
0.1, 0.0, 540, 0.102560614662
0.1, 0.0, 560, 0.0953815946268
0.1, 0.0, 580, 0.0890190992058
0.1, 0.0, 600, 0.0833505341275
0.1, 0.0, 620, 0.0782755528521
0.1, 0.0, 640, 0.0737114105939
0.1, 0.0, 660, 0.0695894001971
0.1, 0.0, 680, 0.0658520950994
0.1, 0.0, 700, 0.0624511994748
0.1, 0.0, 720, 0.0593458589186
0.1, 0.0, 740, 0.0565013232358
0.1, 0.0, 760, 0.0538878804952
0.1, 0.0, 780, 0.0514800016182
0.1, 0.0, 800, 0.0492556495279
0.1, 0.0, 820, 0.0471957178
0.1, 0.0, 840, 0.0452835718896
0.1, 0.0, 860, 0.0435046721139
0.1, 0.0, 880, 0.0418462621865
0.1, 0.0, 900, 0.0402971106088
0.1, 0.0, 920, 0.0388472949192
0.1, 0.0, 940, 0.0374880208686
0.1, 0.0, 960, 0.0362114702073
0.1, 0.0, 980, 0.0350106720172
0.1, 0.0, 1000, 0.0338793935121
0.1, 0.0, 1020, 0.0328120470055
0.1, 0.0, 1040, 0.0318036103602
0.1, 0.0, 1060, 0.0308495587273
0.1, 0.0, 1080, 0.0299458057745
0.1, 0.0, 1100, 0.0290886529202
0.1, 0.0, 1120, 0.0282747453468
0.1, 0.0, 1140, 0.0275010337745
0.1, 0.0, 1160, 0.0267647411447
0.1, 0.0, 1180, 0.0260633335023
0.1, 0.0, 1200, 0.0253944944812
0.1, 0.0, 1220, 0.0247561028885
0.1, 0.0, 1240, 0.0241462129621
0.1, 0.0, 1260, 0.0235630369434
0.1, 0.0, 1280, 0.0230049296561
0.1, 0.0, 1300, 0.0224703748308
0.1, 0.0, 1320, 0.021957972952
0.1, 0.0, 1340, 0.0214664304354
0.1, 0.0, 1360, 0.0209945499703
0.1, 0.0, 1380, 0.0205412218852
0.1, 0.0, 1400, 0.0201054164138
0.2, 0.0, 20, 3.9518811567
0.2, 0.0, 40, 3.54221319651
0.2, 0.0, 60, 2.65800862431
0.2, 0.0, 80, 1.65693864012
0.2, 0.0, 100, 1.02758043357
0.2, 0.0, 120, 0.665860942588
0.2, 0.0, 140, 0.454048123656
0.2, 0.0, 160, 0.326341358056
0.2, 0.0, 180, 0.245878704668
0.2, 0.0, 200, 0.192670575173
0.2, 0.0, 220, 0.155855839543
0.2, 0.0, 240, 0.129354880656
0.2, 0.0, 260, 0.109623485339
0.2, 0.0, 280, 0.0945067586581
0.2, 0.0, 300, 0.0826416691071
0.2, 0.0, 320, 0.0731346814404
0.2, 0.0, 340, 0.0653811127296
0.2, 0.0, 360, 0.0589600825167
0.2, 0.0, 380, 0.0535712674274
0.2, 0.0, 400, 0.0489955949751
0.2, 0.0, 420, 0.0450701004938
0.2, 0.0, 440, 0.0416714187255
0.2, 0.0, 460, 0.0387046860206
0.2, 0.0, 480, 0.0360959187858
0.2, 0.0, 500, 0.033786676873
0.2, 0.0, 520, 0.0317302604275
0.2, 0.0, 540, 0.0298889556183
0.2, 0.0, 560, 0.0282320104051
0.2, 0.0, 580, 0.0267341266122
0.2, 0.0, 600, 0.0253743225724
0.2, 0.0, 620, 0.0241350653763
0.2, 0.0, 640, 0.0230016017559
0.2, 0.0, 660, 0.021961437029
0.2, 0.0, 680, 0.0210039256126
0.2, 0.0, 700, 0.0201199464563
0.3, 0.0, 20, 3.87948922459
0.3, 0.0, 40, 2.73533160601
0.3, 0.0, 60, 1.33766975055
0.3, 0.0, 80, 0.677613706222
0.3, 0.0, 100, 0.384379031469
0.3, 0.0, 120, 0.245325551401
0.3, 0.0, 140, 0.171741815283
0.3, 0.0, 160, 0.128516137876
0.3, 0.0, 180, 0.100915726318
0.3, 0.0, 200, 0.082121851606
0.3, 0.0, 220, 0.0686700261547
0.3, 0.0, 240, 0.058655426496
0.3, 0.0, 260, 0.0509603445579
0.3, 0.0, 280, 0.0448927898077
0.3, 0.0, 300, 0.0400047987286
0.3, 0.0, 320, 0.0359953041975
0.3, 0.0, 340, 0.0326554187079
0.3, 0.0, 360, 0.0298361958933
0.3, 0.0, 380, 0.0274288856495
0.3, 0.0, 400, 0.025352426568
0.3, 0.0, 420, 0.0235452853336
0.3, 0.0, 440, 0.0219599916276
0.3, 0.0, 460, 0.0205593923965
0.4, 0.0, 20, 3.74069825021
0.4, 0.0, 40, 1.79257607867
0.4, 0.0, 60, 0.700027838495
0.4, 0.0, 80, 0.330703819713
0.4, 0.0, 100, 0.19198421855
0.4, 0.0, 120, 0.128160353399
0.4, 0.0, 140, 0.0935114383303
0.4, 0.0, 160, 0.0723923829261
0.4, 0.0, 180, 0.0584219296408
0.4, 0.0, 200, 0.0486092184567
0.4, 0.0, 220, 0.0413962549954
0.4, 0.0, 240, 0.0359026329543
0.4, 0.0, 260, 0.0315979019496
0.4, 0.0, 280, 0.0281455359172
0.4, 0.0, 300, 0.0253228042031
0.4, 0.0, 320, 0.0229769934619
0.4, 0.0, 340, 0.0210002221447
0.5, 0.0, 20, 3.49166285779
0.5, 0.0, 40, 1.16830451229
0.5, 0.0, 60, 0.400944451394
0.5, 0.0, 80, 0.193311503224
0.5, 0.0, 100, 0.117651355148
0.5, 0.0, 120, 0.0816055782382
0.5, 0.0, 140, 0.0612733092135
0.5, 0.0, 160, 0.0484754867465
0.5, 0.0, 180, 0.0397863341687
0.5, 0.0, 200, 0.0335526183997
0.5, 0.0, 220, 0.0288898319922
0.5, 0.0, 240, 0.0252863277624
0.5, 0.0, 260, 0.0224275209806
0.5, 0.0, 280, 0.0201102867611
0.6, 0.0, 20, 3.1302522636
0.6, 0.0, 40, 0.780853283503
0.6, 0.0, 60, 0.254727752933
0.6, 0.0, 80, 0.128900724635
0.6, 0.0, 100, 0.0816141399143
0.6, 0.0, 120, 0.0581765118192
0.6, 0.0, 140, 0.0445396290804
0.6, 0.0, 160, 0.0357507222442
0.6, 0.0, 180, 0.0296726814298
0.6, 0.0, 200, 0.025247792545
0.6, 0.0, 220, 0.0218981663549
0.7, 0.0, 20, 2.72390458071
0.7, 0.0, 40, 0.536160466642
0.7, 0.0, 60, 0.177043405892
0.7, 0.0, 80, 0.0938405864055
0.7, 0.0, 100, 0.061213859407
0.7, 0.0, 120, 0.0444988693346
0.7, 0.0, 140, 0.0345409717034
0.7, 0.0, 160, 0.0280101203291
0.7, 0.0, 180, 0.0234327149894
0.7, 0.0, 200, 0.0200647160729
0.8, 0.0, 20, 2.35198798885
0.8, 0.0, 40, 0.382168809244
0.8, 0.0, 60, 0.131713810136
0.8, 0.0, 80, 0.0725258634617
0.8, 0.0, 100, 0.048384947462
0.8, 0.0, 120, 0.0356881353455
0.8, 0.0, 140, 0.027985683681
0.8, 0.0, 160, 0.0228667396403
0.9, 0.0, 20, 2.04583980898
0.9, 0.0, 40, 0.284135250756
0.9, 0.0, 60, 0.103040051168
0.9, 0.0, 80, 0.0584852854836
0.9, 0.0, 100, 0.0396976103341
0.9, 0.0, 120, 0.0296079102491
0.9, 0.0, 140, 0.0233995907649
