0.1, 0.0, 20, 0.436341116744
0.1, 0.0, 40, 0.385373082341
0.1, 0.0, 60, 0.350462421864
0.1, 0.0, 80, 0.322244272225
0.1, 0.0, 100, 0.298144893177
0.1, 0.0, 120, 0.277269763189
0.1, 0.0, 140, 0.259090730079
0.1, 0.0, 160, 0.243172343303
0.1, 0.0, 180, 0.229140986696
0.1, 0.0, 200, 0.216684760648
0.1, 0.0, 220, 0.205548594528
0.1, 0.0, 240, 0.195525675676
0.1, 0.0, 260, 0.186448509794
0.1, 0.0, 280, 0.178181047964
0.1, 0.0, 300, 0.170612210421
0.1, 0.0, 320, 0.163650719433
0.1, 0.0, 340, 0.157221034488
0.1, 0.0, 360, 0.151260173537
0.1, 0.0, 380, 0.145715230326
0.1, 0.0, 400, 0.140541432371
0.1, 0.0, 420, 0.135700616678
0.1, 0.0, 440, 0.131160027859
0.1, 0.0, 460, 0.126891365405
0.1, 0.0, 480, 0.122870024055
0.1, 0.0, 500, 0.119074484429
0.1, 0.0, 520, 0.11548582116
0.1, 0.0, 540, 0.11208730337
0.1, 0.0, 560, 0.108864068124
0.1, 0.0, 580, 0.105802851881
0.1, 0.0, 600, 0.1028917683
0.1, 0.0, 620, 0.100120123312
0.1, 0.0, 640, 0.097478260316
0.1, 0.0, 660, 0.0949574298606
0.1, 0.0, 680, 0.0925496793494
0.1, 0.0, 700, 0.0902477591981
0.1, 0.0, 720, 0.0880450425884
0.1, 0.0, 740, 0.0859354565141
0.1, 0.0, 760, 0.0839134222542
0.1, 0.0, 780, 0.0819738037557
0.1, 0.0, 800, 0.0801118626817
0.1, 0.0, 820, 0.0783232191079
0.1, 0.0, 840, 0.0766038170209
0.1, 0.0, 860, 0.0749498939218
0.1, 0.0, 880, 0.0733579539517
0.1, 0.0, 900, 0.0718247440518
0.1, 0.0, 920, 0.0703472327478
0.1, 0.0, 940, 0.0689225912136
0.1, 0.0, 960, 0.0675481763206
0.1, 0.0, 980, 0.0662215154241
0.1, 0.0, 1000, 0.0649402926723
0.1, 0.0, 1020, 0.063702336657
0.1, 0.0, 1040, 0.0625056092481
0.1, 0.0, 1060, 0.061348195476
0.1, 0.0, 1080, 0.0602282943459
0.1, 0.0, 1100, 0.0591442104793
0.1, 0.0, 1120, 0.058094346497
0.1, 0.0, 1140, 0.0570771960624
0.1, 0.0, 1160, 0.0560913375196
0.1, 0.0, 1180, 0.0551354280644
0.1, 0.0, 1200, 0.0542081983964
0.1, 0.0, 1220, 0.0533084478045
0.1, 0.0, 1240, 0.0524350396449
0.1, 0.0, 1260, 0.0515868971748
0.1, 0.0, 1280, 0.0507629997076
0.1, 0.0, 1300, 0.0499623790629
0.1, 0.0, 1320, 0.0491841162823
0.1, 0.0, 1340, 0.0484273385891
0.1, 0.0, 1360, 0.0476912165708
0.1, 0.0, 1380, 0.0469749615641
0.1, 0.0, 1400, 0.0462778232274
0.1, 0.0, 1420, 0.0455990872827
0.1, 0.0, 1440, 0.0449380734161
0.1, 0.0, 1460, 0.0442941333209
0.1, 0.0, 1480, 0.0436666488743
0.1, 0.0, 1500, 0.0430550304362
0.1, 0.0, 1520, 0.0424587152608
0.1, 0.0, 1540, 0.0418771660122
0.1, 0.0, 1560, 0.0413098693767
0.1, 0.0, 1580, 0.0407563347632
0.1, 0.0, 1600, 0.0402160930875
0.1, 0.0, 1620, 0.0396886956313
0.1, 0.0, 1640, 0.0391737129737
0.1, 0.0, 1660, 0.0386707339875
0.1, 0.0, 1680, 0.038179364897
0.1, 0.0, 1700, 0.0376992283925
0.1, 0.0, 1720, 0.0372299627981
0.1, 0.0, 1740, 0.0367712212884
0.1, 0.0, 1760, 0.0363226711514
0.1, 0.0, 1780, 0.0358839930937
0.1, 0.0, 1800, 0.0354548805868
0.1, 0.0, 1820, 0.0350350392497
0.1, 0.0, 1840, 0.0346241862665
0.1, 0.0, 1860, 0.0342220498376
0.1, 0.0, 1880, 0.0338283686601
0.1, 0.0, 1900, 0.033442891438
0.1, 0.0, 1920, 0.0330653764181
0.1, 0.0, 1940, 0.0326955909522
0.1, 0.0, 1960, 0.0323333110817
0.1, 0.0, 1980, 0.0319783211453
0.1, 0.0, 2000, 0.0316304134065
0.1, 0.0, 2020, 0.0312893877017
0.1, 0.0, 2040, 0.0309550511057
0.1, 0.0, 2060, 0.0306272176148
0.1, 0.0, 2080, 0.0303057078464
0.1, 0.0, 2100, 0.0299903487533
0.1, 0.0, 2120, 0.029680973353
0.1, 0.0, 2140, 0.0293774204699
0.1, 0.0, 2160, 0.029079534491
0.1, 0.0, 2180, 0.0287871651332
0.1, 0.0, 2200, 0.0285001672222
0.1, 0.0, 2220, 0.0282184004815
0.1, 0.0, 2240, 0.027941729333
0.1, 0.0, 2260, 0.0276700227053
0.1, 0.0, 2280, 0.0274031538528
0.1, 0.0, 2300, 0.0271410001821
0.1, 0.0, 2320, 0.0268834430872
0.1, 0.0, 2340, 0.0266303677925
0.1, 0.0, 2360, 0.0263816632019
0.1, 0.0, 2380, 0.0261372217567
0.1, 0.0, 2400, 0.025896939298
0.1, 0.0, 2420, 0.025660714937
0.1, 0.0, 2440, 0.0254284509297
0.1, 0.0, 2460, 0.0252000525587
0.1, 0.0, 2480, 0.0249754280186
0.1, 0.0, 2500, 0.0247544883077
0.1, 0.0, 2520, 0.0245371471241
0.1, 0.0, 2540, 0.0243233207657
0.1, 0.0, 2560, 0.0241129280359
0.1, 0.0, 2580, 0.0239058901514
0.1, 0.0, 2600, 0.0237021306561
0.1, 0.0, 2620, 0.0235015753367
0.1, 0.0, 2640, 0.0233041521431
0.1, 0.0, 2660, 0.023109791112
0.1, 0.0, 2680, 0.0229184242927
0.1, 0.0, 2700, 0.0227299856774
0.1, 0.0, 2720, 0.0225444111332
0.1, 0.0, 2740, 0.0223616383374
0.1, 0.0, 2760, 0.0221816067155
0.1, 0.0, 2780, 0.0220042573814
0.1, 0.0, 2800, 0.0218295330802
0.1, 0.0, 2820, 0.0216573781328
0.1, 0.0, 2840, 0.021487738384
0.1, 0.0, 2860, 0.0213205611508
0.1, 0.0, 2880, 0.021155795174
0.1, 0.0, 2900, 0.0209933905718
0.1, 0.0, 2920, 0.0208332987938
0.1, 0.0, 2940, 0.0206754725786
0.1, 0.0, 2960, 0.0205198659116
0.1, 0.0, 2980, 0.0203664339851
0.1, 0.0, 3000, 0.0202151331595
0.1, 0.0, 3020, 0.0200659209267
0.2, 0.0, 20, 0.385148680306
0.2, 0.0, 40, 0.321488372161
0.2, 0.0, 60, 0.276354182549
0.2, 0.0, 80, 0.242221684695
0.2, 0.0, 100, 0.215732044287
0.2, 0.0, 120, 0.194582199052
0.2, 0.0, 140, 0.177253231
0.2, 0.0, 160, 0.16274282466
0.2, 0.0, 180, 0.150375056572
0.2, 0.0, 200, 0.139680982691
0.2, 0.0, 220, 0.130325452617
0.2, 0.0, 240, 0.122062027768
0.2, 0.0, 260, 0.114704723604
0.2, 0.0, 280, 0.108109887531
0.2, 0.0, 300, 0.1021642846
0.2, 0.0, 320, 0.0967770659032
0.2, 0.0, 340, 0.0918742210564
0.2, 0.0, 360, 0.087394656802
0.2, 0.0, 380, 0.0832873642862
0.2, 0.0, 400, 0.0795093311847
0.2, 0.0, 420, 0.0760239740906
0.2, 0.0, 440, 0.07279994149
0.2, 0.0, 460, 0.0698101856111
0.2, 0.0, 480, 0.0670312327343
0.2, 0.0, 500, 0.0644426023452
0.2, 0.0, 520, 0.0620263395712
0.2, 0.0, 540, 0.059766635011
0.2, 0.0, 560, 0.0576495128247
0.2, 0.0, 580, 0.0556625727423
0.2, 0.0, 600, 0.0537947751037
0.2, 0.0, 620, 0.0520362605641
0.2, 0.0, 640, 0.0503781979608
0.2, 0.0, 660, 0.0488126552397
0.2, 0.0, 680, 0.0473324893942
0.2, 0.0, 700, 0.0459312521816
0.2, 0.0, 720, 0.0446031090119
0.2, 0.0, 740, 0.0433427688922
0.2, 0.0, 760, 0.0421454236956
0.2, 0.0, 780, 0.0410066953344
0.2, 0.0, 800, 0.0399225896591
0.2, 0.0, 820, 0.0388894561052
0.2, 0.0, 840, 0.0379039522696
0.2, 0.0, 860, 0.0369630127303
0.2, 0.0, 880, 0.0360638215303
0.2, 0.0, 900, 0.0352037878355
0.2, 0.0, 920, 0.0343805243501
0.2, 0.0, 940, 0.033591828134
0.2, 0.0, 960, 0.0328356635192
0.2, 0.0, 980, 0.0321101468638
0.2, 0.0, 1000, 0.0314135329189
0.2, 0.0, 1020, 0.0307442026147
0.2, 0.0, 1040, 0.0301006520989
0.2, 0.0, 1060, 0.0294814828803
0.2, 0.0, 1080, 0.0288853929521
0.2, 0.0, 1100, 0.0283111687839
0.2, 0.0, 1120, 0.0277576780863
0.2, 0.0, 1140, 0.0272238632629
0.2, 0.0, 1160, 0.0267087354756
0.2, 0.0, 1180, 0.0262113692593
0.2, 0.0, 1200, 0.0257308976258
0.2, 0.0, 1220, 0.025266507609
0.2, 0.0, 1240, 0.0248174362042
0.2, 0.0, 1260, 0.0243829666633
0.2, 0.0, 1280, 0.0239624251095
0.2, 0.0, 1300, 0.0235551774408
0.2, 0.0, 1320, 0.0231606264937
0.2, 0.0, 1340, 0.0227782094435
0.2, 0.0, 1360, 0.0224073954167
0.2, 0.0, 1380, 0.0220476832976
0.2, 0.0, 1400, 0.0216985997108
0.2, 0.0, 1420, 0.0213596971625
0.2, 0.0, 1440, 0.021030552328
0.2, 0.0, 1460, 0.0207107644707
0.2, 0.0, 1480, 0.0203999539822
0.2, 0.0, 1500, 0.0200977610328
0.3, 0.0, 20, 0.349399110209
0.3, 0.0, 40, 0.275522458139
0.3, 0.0, 60, 0.227314250234
0.3, 0.0, 80, 0.19370575827
0.3, 0.0, 100, 0.168829542732
0.3, 0.0, 120, 0.149533322255
0.3, 0.0, 140, 0.134040603699
0.3, 0.0, 160, 0.121283005866
0.3, 0.0, 180, 0.110576167764
0.3, 0.0, 200, 0.101457112787
0.3, 0.0, 220, 0.0935982340357
0.3, 0.0, 240, 0.0867591664519
0.3, 0.0, 260, 0.0807583659929
0.3, 0.0, 280, 0.0754554807164
0.3, 0.0, 300, 0.0707399287316
0.3, 0.0, 320, 0.0665232117097
0.3, 0.0, 340, 0.0627335711532
0.3, 0.0, 360, 0.0593121690109
0.3, 0.0, 380, 0.0562102928587
0.3, 0.0, 400, 0.0533872695388
0.3, 0.0, 420, 0.0508088808857
0.3, 0.0, 440, 0.0484461429489
0.3, 0.0, 460, 0.0462743532768
0.3, 0.0, 480, 0.0442723390764
0.3, 0.0, 500, 0.0424218580242
0.3, 0.0, 520, 0.0407071165176
0.3, 0.0, 540, 0.039114379266
0.3, 0.0, 560, 0.0376316506182
0.3, 0.0, 580, 0.0362484127234
0.3, 0.0, 600, 0.0349554090789
0.3, 0.0, 620, 0.0337444645863
0.3, 0.0, 640, 0.0326083351718
0.3, 0.0, 660, 0.0315405814934
0.3, 0.0, 680, 0.0305354623869
0.3, 0.0, 700, 0.0295878445736
0.3, 0.0, 720, 0.0286931258325
0.3, 0.0, 740, 0.0278471693733
0.3, 0.0, 760, 0.0270462475696
0.3, 0.0, 780, 0.0262869935464
0.3, 0.0, 800, 0.025566359386
0.3, 0.0, 820, 0.02488157993
0.3, 0.0, 840, 0.0242301413331
0.3, 0.0, 860, 0.0236097536629
0.3, 0.0, 880, 0.0230183269589
0.3, 0.0, 900, 0.0224539502565
0.3, 0.0, 920, 0.0219148731608
0.3, 0.0, 940, 0.0213994896206
0.3, 0.0, 960, 0.0209063236034
0.3, 0.0, 980, 0.0204340164221
0.4, 0.0, 20, 0.320193667925
0.4, 0.0, 40, 0.240576934836
0.4, 0.0, 60, 0.192900153559
0.4, 0.0, 80, 0.16107978034
0.4, 0.0, 100, 0.138074787592
0.4, 0.0, 120, 0.12053393671
0.4, 0.0, 140, 0.106670395124
0.4, 0.0, 160, 0.0954297930585
0.4, 0.0, 180, 0.0861388603151
0.4, 0.0, 200, 0.0783416082905
0.4, 0.0, 220, 0.071715390389
0.4, 0.0, 240, 0.0660242248599
0.4, 0.0, 260, 0.0610910169099
0.4, 0.0, 280, 0.0567800953371
0.4, 0.0, 300, 0.0529857404181
0.4, 0.0, 320, 0.0496243772941
0.4, 0.0, 340, 0.0466291099247
0.4, 0.0, 360, 0.0439458030238
0.4, 0.0, 380, 0.0415302179127
0.4, 0.0, 400, 0.0393458834737
0.4, 0.0, 420, 0.0373624904187
0.4, 0.0, 440, 0.0355546646843
0.4, 0.0, 460, 0.0339010197108
0.4, 0.0, 480, 0.0323834166423
0.4, 0.0, 500, 0.0309863814118
0.4, 0.0, 520, 0.0296966414881
0.4, 0.0, 540, 0.028502754798
0.4, 0.0, 560, 0.027394810295
0.4, 0.0, 580, 0.0263641846814
0.4, 0.0, 600, 0.025403343487
0.4, 0.0, 620, 0.0245056774358
0.4, 0.0, 640, 0.0236653670796
0.4, 0.0, 660, 0.0228772702162
0.4, 0.0, 680, 0.0221368277846
0.4, 0.0, 700, 0.0214399848294
0.4, 0.0, 720, 0.0207831238185
0.4, 0.0, 740, 0.0201630081427
0.5, 0.0, 20, 0.295187570642
0.5, 0.0, 40, 0.213351253592
0.5, 0.0, 60, 0.167273572789
0.5, 0.0, 80, 0.137332203957
0.5, 0.0, 100, 0.116063085554
0.5, 0.0, 120, 0.100105806458
0.5, 0.0, 140, 0.0876915614041
0.5, 0.0, 160, 0.0777768402846
0.5, 0.0, 180, 0.0696957884297
0.5, 0.0, 200, 0.0629996350878
0.5, 0.0, 220, 0.0573736401827
0.5, 0.0, 240, 0.0525902544532
0.5, 0.0, 260, 0.048480925677
0.5, 0.0, 280, 0.0449182689719
0.5, 0.0, 300, 0.0418043508383
0.5, 0.0, 320, 0.0390627513706
0.5, 0.0, 340, 0.0366330492625
0.5, 0.0, 360, 0.0344669079032
0.5, 0.0, 380, 0.0325252463916
0.5, 0.0, 400, 0.0307761615677
0.5, 0.0, 420, 0.0291933796494
0.5, 0.0, 440, 0.0277550875008
0.5, 0.0, 460, 0.0264430400373
0.5, 0.0, 480, 0.0252418711653
0.5, 0.0, 500, 0.0241385565576
0.5, 0.0, 520, 0.0231219909621
0.5, 0.0, 540, 0.0221826527894
0.5, 0.0, 560, 0.0213123358452
0.5, 0.0, 580, 0.0205039331742
0.6, 0.0, 20, 0.273574797957
0.6, 0.0, 40, 0.191517785696
0.6, 0.0, 60, 0.147288302437
0.6, 0.0, 80, 0.119129878328
0.6, 0.0, 100, 0.0994628063124
0.6, 0.0, 120, 0.0849450606122
0.6, 0.0, 140, 0.0738198992941
0.6, 0.0, 160, 0.0650538571128
0.6, 0.0, 180, 0.057992757808
0.6, 0.0, 200, 0.0522008852424
0.6, 0.0, 220, 0.0473768015438
0.6, 0.0, 240, 0.0433056189221
0.6, 0.0, 260, 0.039830318819
0.6, 0.0, 280, 0.0368337382443
0.6, 0.0, 300, 0.0342268520625
0.6, 0.0, 320, 0.0319409273412
0.6, 0.0, 340, 0.0299221399673
0.6, 0.0, 360, 0.0281278014645
0.6, 0.0, 380, 0.0265236644007
0.6, 0.0, 400, 0.0250819656312
0.6, 0.0, 420, 0.0237799837811
0.6, 0.0, 440, 0.0225989611888
0.6, 0.0, 460, 0.0215232881053
0.6, 0.0, 480, 0.020539878239
0.7, 0.0, 20, 0.254825221371
0.7, 0.0, 40, 0.17354826984
0.7, 0.0, 60, 0.131172170563
0.7, 0.0, 80, 0.104693472508
0.7, 0.0, 100, 0.0865120405586
0.7, 0.0, 120, 0.0732986738261
0.7, 0.0, 140, 0.063309408778
0.7, 0.0, 160, 0.0555277768819
0.7, 0.0, 180, 0.0493188148606
0.7, 0.0, 200, 0.0442657094656
0.7, 0.0, 220, 0.0400841801422
0.7, 0.0, 240, 0.0365742268537
0.7, 0.0, 260, 0.0335914344181
0.7, 0.0, 280, 0.0310291725793
0.7, 0.0, 300, 0.0288071668689
0.7, 0.0, 320, 0.0268639427539
0.7, 0.0, 340, 0.0251517028271
0.7, 0.0, 360, 0.0236327757904
0.7, 0.0, 380, 0.0222771060442
0.7, 0.0, 400, 0.0210604473507
0.8, 0.0, 20, 0.238459414533
0.8, 0.0, 40, 0.158438106876
0.8, 0.0, 60, 0.117858903317
0.8, 0.0, 80, 0.0929685119667
0.8, 0.0, 100, 0.0761617613026
0.8, 0.0, 120, 0.0641212247973
0.8, 0.0, 140, 0.0551245159075
0.8, 0.0, 160, 0.0481815024302
0.8, 0.0, 180, 0.042682971881
0.8, 0.0, 200, 0.0382347488428
0.8, 0.0, 220, 0.0345714486664
0.8, 0.0, 240, 0.0315084575305
0.8, 0.0, 260, 0.0289137567354
0.8, 0.0, 280, 0.0266906757413
0.8, 0.0, 300, 0.0247669544518
0.8, 0.0, 320, 0.023087593165
0.8, 0.0, 340, 0.0216100535127
0.8, 0.0, 360, 0.0203009615534
0.9, 0.0, 20, 0.224057669934
0.9, 0.0, 40, 0.145510585223
0.9, 0.0, 60, 0.106664163231
0.9, 0.0, 80, 0.0832765673541
0.9, 0.0, 100, 0.0677346662718
0.9, 0.0, 120, 0.0567413804625
0.9, 0.0, 140, 0.0486078355597
0.9, 0.0, 160, 0.0423783646342
0.9, 0.0, 180, 0.0374736996779
0.9, 0.0, 200, 0.033523914288
0.9, 0.0, 220, 0.0302826934348
0.9, 0.0, 240, 0.0275802692385
0.9, 0.0, 260, 0.0252961746798
0.9, 0.0, 280, 0.0233427668342
0.9, 0.0, 300, 0.0216548888828
0.9, 0.0, 320, 0.0201831749487
