0.1, 0.0, 20, 0.319170662374
0.1, 0.0, 40, 0.277288328789
0.1, 0.0, 60, 0.254211022993
0.1, 0.0, 80, 0.236168235772
0.1, 0.0, 100, 0.220289301027
0.1, 0.0, 120, 0.205842505438
0.1, 0.0, 140, 0.192610850843
0.1, 0.0, 160, 0.180498499094
0.1, 0.0, 180, 0.169428124352
0.1, 0.0, 200, 0.159318971486
0.1, 0.0, 220, 0.150086899697
0.1, 0.0, 240, 0.141648612567
0.1, 0.0, 260, 0.133925152983
0.1, 0.0, 280, 0.12684385443
0.1, 0.0, 300, 0.120339065558
0.1, 0.0, 320, 0.114352115497
0.1, 0.0, 340, 0.108830879977
0.1, 0.0, 360, 0.103729175845
0.1, 0.0, 380, 0.0990061125365
0.1, 0.0, 400, 0.0946254663667
0.1, 0.0, 420, 0.0905551072762
0.1, 0.0, 440, 0.086766488061
0.1, 0.0, 460, 0.0832341961942
0.1, 0.0, 480, 0.0799355637754
0.1, 0.0, 500, 0.0768503294144
0.1, 0.0, 520, 0.073960345545
0.1, 0.0, 540, 0.0712493250308
0.1, 0.0, 560, 0.0687026215495
0.1, 0.0, 580, 0.0663070389443
0.1, 0.0, 600, 0.0640506654015
0.1, 0.0, 620, 0.06192272892
0.1, 0.0, 640, 0.0599134710673
0.1, 0.0, 660, 0.0580140364721
0.1, 0.0, 680, 0.0562163758852
0.1, 0.0, 700, 0.0545131609667
0.1, 0.0, 720, 0.0528977092297
0.1, 0.0, 740, 0.0513639177994
0.1, 0.0, 760, 0.0499062048418
0.1, 0.0, 780, 0.0485194576784
0.1, 0.0, 800, 0.0471989867412
0.1, 0.0, 820, 0.045940484639
0.1, 0.0, 840, 0.0447399897079
0.1, 0.0, 860, 0.0435938534986
0.1, 0.0, 880, 0.0424987117323
0.1, 0.0, 900, 0.0414514583114
0.1, 0.0, 920, 0.0404492220301
0.1, 0.0, 940, 0.0394893456735
0.1, 0.0, 960, 0.0385693672315
0.1, 0.0, 980, 0.0376870029915
0.1, 0.0, 1000, 0.0368401322986
0.1, 0.0, 1020, 0.0360267838024
0.1, 0.0, 1040, 0.0352451230275
0.1, 0.0, 1060, 0.0344934411256
0.1, 0.0, 1080, 0.0337701446849
0.1, 0.0, 1100, 0.0330737464846
0.1, 0.0, 1120, 0.0324028570979
0.1, 0.0, 1140, 0.0317561772549
0.1, 0.0, 1160, 0.0311324908902
0.1, 0.0, 1180, 0.0305306588053
0.1, 0.0, 1200, 0.029949612885
0.1, 0.0, 1220, 0.0293883508144
0.1, 0.0, 1240, 0.0288459312467
0.1, 0.0, 1260, 0.0283214693796
0.1, 0.0, 1280, 0.0278141329013
0.1, 0.0, 1300, 0.0273231382711
0.1, 0.0, 1320, 0.0268477473034
0.1, 0.0, 1340, 0.0263872640285
0.1, 0.0, 1360, 0.0259410318033
0.1, 0.0, 1380, 0.0255084306508
0.1, 0.0, 1400, 0.025088874807
0.1, 0.0, 1420, 0.0246818104582
0.1, 0.0, 1440, 0.0242867136505
0.1, 0.0, 1460, 0.0239030883582
0.1, 0.0, 1480, 0.0235304646965
0.1, 0.0, 1500, 0.0231683972668
0.1, 0.0, 1520, 0.0228164636232
0.1, 0.0, 1540, 0.0224742628502
0.1, 0.0, 1560, 0.0221414142431
0.1, 0.0, 1580, 0.0218175560816
0.1, 0.0, 1600, 0.0215023444903
0.1, 0.0, 1620, 0.021195452378
0.1, 0.0, 1640, 0.0208965684508
0.1, 0.0, 1660, 0.0206053962925
0.1, 0.0, 1680, 0.0203216535068
0.1, 0.0, 1700, 0.0200450709175
0.2, 0.0, 20, 0.276945086148
0.2, 0.0, 40, 0.23615731133
0.2, 0.0, 60, 0.205870056621
0.2, 0.0, 80, 0.180480771312
0.2, 0.0, 100, 0.159243088601
0.2, 0.0, 120, 0.14152418795
0.2, 0.0, 140, 0.126684650095
0.2, 0.0, 160, 0.114170313903
0.2, 0.0, 180, 0.103534224378
0.2, 0.0, 200, 0.0944242926
0.2, 0.0, 220, 0.0865640116296
0.2, 0.0, 240, 0.079735189577
0.2, 0.0, 260, 0.0737643649268
0.2, 0.0, 280, 0.0685125193697
0.2, 0.0, 300, 0.0638673487374
0.2, 0.0, 320, 0.0597374371828
0.2, 0.0, 340, 0.056047834576
0.2, 0.0, 360, 0.0527366714419
0.2, 0.0, 380, 0.0497525465766
0.2, 0.0, 400, 0.047052494943
0.2, 0.0, 420, 0.0446003950577
0.2, 0.0, 440, 0.0423657119439
0.2, 0.0, 460, 0.0403224982681
0.2, 0.0, 480, 0.0384485955555
0.2, 0.0, 500, 0.0367249915156
0.2, 0.0, 520, 0.0351352999583
0.2, 0.0, 540, 0.0336653375727
0.2, 0.0, 560, 0.0323027776898
0.2, 0.0, 580, 0.031036865577
0.2, 0.0, 600, 0.0298581831782
0.2, 0.0, 620, 0.0287584537965
0.2, 0.0, 640, 0.0277303792023
0.2, 0.0, 660, 0.0267675031937
0.2, 0.0, 680, 0.0258640968351
0.2, 0.0, 700, 0.0250150615408
0.2, 0.0, 720, 0.0242158469141
0.2, 0.0, 740, 0.0234623808349
0.2, 0.0, 760, 0.0227510097576
0.2, 0.0, 780, 0.0220784475521
0.2, 0.0, 800, 0.0214417315217
0.2, 0.0, 820, 0.0208381844679
0.2, 0.0, 840, 0.0202653818726
0.3, 0.0, 20, 0.254000921083
0.3, 0.0, 40, 0.205915490774
0.3, 0.0, 60, 0.169346934008
0.3, 0.0, 80, 0.141408913817
0.3, 0.0, 100, 0.120001539054
0.3, 0.0, 120, 0.103343525919
0.3, 0.0, 140, 0.0901534430169
0.3, 0.0, 160, 0.0795370092163
0.3, 0.0, 180, 0.0708646081686
0.3, 0.0, 200, 0.0636853221834
0.3, 0.0, 220, 0.0576704717036
0.3, 0.0, 240, 0.0525764842138
0.3, 0.0, 260, 0.0482200834385
0.3, 0.0, 280, 0.0444614107873
0.3, 0.0, 300, 0.0411923447424
0.3, 0.0, 320, 0.0383282881376
0.3, 0.0, 340, 0.0358023082052
0.3, 0.0, 360, 0.0335608977152
0.3, 0.0, 380, 0.0315608692157
0.3, 0.0, 400, 0.0297670519666
0.3, 0.0, 420, 0.0281505647105
0.3, 0.0, 440, 0.0266875064684
0.3, 0.0, 460, 0.0253579542156
0.3, 0.0, 480, 0.0241451882433
0.3, 0.0, 500, 0.0230350881478
0.3, 0.0, 520, 0.0220156579055
0.3, 0.0, 540, 0.0210766494874
0.3, 0.0, 560, 0.0202092623339
0.4, 0.0, 20, 0.236195362167
0.4, 0.0, 40, 0.180490381722
0.4, 0.0, 60, 0.141302993782
0.4, 0.0, 80, 0.11382315479
0.4, 0.0, 100, 0.0940320786888
0.4, 0.0, 120, 0.0793410420041
0.4, 0.0, 140, 0.068136877429
0.4, 0.0, 160, 0.0593887018303
0.4, 0.0, 180, 0.0524171470808
0.4, 0.0, 200, 0.0467615398263
0.4, 0.0, 220, 0.0421013734465
0.4, 0.0, 240, 0.0382084435515
0.4, 0.0, 260, 0.034916839676
0.4, 0.0, 280, 0.0321036433334
0.4, 0.0, 300, 0.0296762182978
0.4, 0.0, 320, 0.0275636596531
0.4, 0.0, 340, 0.0257109257413
0.4, 0.0, 360, 0.0240747370616
0.4, 0.0, 380, 0.0226206613957
0.4, 0.0, 400, 0.0213210095877
0.4, 0.0, 420, 0.0201532945402
0.5, 0.0, 20, 0.220511031523
0.5, 0.0, 40, 0.159087446592
0.5, 0.0, 60, 0.119689267755
0.5, 0.0, 80, 0.0938411348197
0.5, 0.0, 100, 0.0760687042286
0.5, 0.0, 120, 0.0633251560983
0.5, 0.0, 140, 0.0538594704128
0.5, 0.0, 160, 0.0466170746955
0.5, 0.0, 180, 0.0409353426196
0.5, 0.0, 200, 0.0363821310462
0.5, 0.0, 220, 0.0326662349881
0.5, 0.0, 240, 0.0295856815597
0.5, 0.0, 260, 0.0269967732137
0.5, 0.0, 280, 0.0247949401456
0.5, 0.0, 300, 0.022902543926
0.5, 0.0, 320, 0.0212608999857
0.6, 0.0, 20, 0.206162015164
0.6, 0.0, 40, 0.141120087902
0.6, 0.0, 60, 0.102797669717
0.6, 0.0, 80, 0.0789558359079
0.6, 0.0, 100, 0.0631470285247
0.6, 0.0, 120, 0.0521010259898
0.6, 0.0, 140, 0.0440481095603
0.6, 0.0, 160, 0.0379701399204
0.6, 0.0, 180, 0.0332497718808
0.6, 0.0, 200, 0.0294954415636
0.6, 0.0, 220, 0.0264489946448
0.6, 0.0, 240, 0.0239344560909
0.6, 0.0, 260, 0.0218283477903
0.6, 0.0, 280, 0.0200418136803
0.7, 0.0, 20, 0.192919919786
0.7, 0.0, 40, 0.125997376043
0.7, 0.0, 60, 0.0893869808906
0.7, 0.0, 80, 0.0675849519719
0.7, 0.0, 100, 0.0535380720539
0.7, 0.0, 120, 0.0439115602175
0.7, 0.0, 140, 0.0369861660599
0.7, 0.0, 160, 0.0318074926792
0.7, 0.0, 180, 0.027811997716
0.7, 0.0, 200, 0.0246492884333
0.7, 0.0, 220, 0.0220918248692
0.8, 0.0, 20, 0.180698942879
0.8, 0.0, 40, 0.113197733483
0.8, 0.0, 60, 0.0785797803315
0.8, 0.0, 80, 0.05870465618
0.8, 0.0, 100, 0.0461877379572
0.8, 0.0, 120, 0.0377336863049
0.8, 0.0, 140, 0.031709457058
0.8, 0.0, 160, 0.0272333614296
0.8, 0.0, 180, 0.0237950051897
0.8, 0.0, 200, 0.0210815777976
0.9, 0.0, 20, 0.16944085613
0.9, 0.0, 40, 0.102292935876
0.9, 0.0, 60, 0.069750857409
0.9, 0.0, 80, 0.0516332742586
0.9, 0.0, 100, 0.0404276724779
0.9, 0.0, 120, 0.0329419394139
0.9, 0.0, 140, 0.0276443379093
0.9, 0.0, 160, 0.0237255932159
0.9, 0.0, 180, 0.0207241682102
