0.1, 0.0, 20, 3.50071270698
0.1, 0.0, 40, 3.50054890902
0.1, 0.0, 60, 3.50051791662
0.1, 0.0, 80, 3.50048190281
0.1, 0.0, 100, 3.50044657988
0.1, 0.0, 120, 3.50041227447
0.1, 0.0, 140, 3.50037895614
0.1, 0.0, 160, 3.5003465758
0.1, 0.0, 180, 3.50031508561
0.1, 0.0, 200, 3.50028444004
0.1, 0.0, 220, 3.50025459573
0.1, 0.0, 240, 3.50022551142
0.1, 0.0, 260, 3.50019714775
0.1, 0.0, 280, 3.50016946722
0.1, 0.0, 300, 3.50014243397
0.1, 0.0, 320, 3.50011601378
0.1, 0.0, 340, 3.5000901739
0.1, 0.0, 360, 3.50006488299
0.1, 0.0, 380, 3.50004011099
0.1, 0.0, 400, 3.50001582909
0.1, 0.0, 420, 3.49999200964
0.1, 0.0, 440, 3.49996862605
0.1, 0.0, 460, 3.49994565274
0.1, 0.0, 480, 3.49992306509
0.1, 0.0, 500, 3.49990083933
0.1, 0.0, 520, 3.49987895256
0.1, 0.0, 540, 3.49985738263
0.1, 0.0, 560, 3.49983610811
0.1, 0.0, 580, 3.49981510825
0.1, 0.0, 600, 3.49979436294
0.1, 0.0, 620, 3.49977385262
0.1, 0.0, 640, 3.49975355832
0.1, 0.0, 660, 3.49973346153
0.1, 0.0, 680, 3.49971354423
0.1, 0.0, 700, 3.49969378884
0.1, 0.0, 720, 3.49967417814
0.1, 0.0, 740, 3.49965469533
0.1, 0.0, 760, 3.49963532389
0.1, 0.0, 780, 3.49961604762
0.1, 0.0, 800, 3.49959685061
0.1, 0.0, 820, 3.49957771719
0.1, 0.0, 840, 3.49955863188
0.1, 0.0, 860, 3.49953957944
0.1, 0.0, 880, 3.49952054476
0.1, 0.0, 900, 3.49950151289
0.1, 0.0, 920, 3.49948246899
0.1, 0.0, 940, 3.49946339833
0.1, 0.0, 960, 3.49944428625
0.1, 0.0, 980, 3.49942511812
0.1, 0.0, 1000, 3.49940587936
0.1, 0.0, 1020, 3.49938655539
0.1, 0.0, 1040, 3.49936713162
0.1, 0.0, 1060, 3.49934759343
0.1, 0.0, 1080, 3.49932792611
0.1, 0.0, 1100, 3.49930811492
0.1, 0.0, 1120, 3.49928814498
0.1, 0.0, 1140, 3.49926800132
0.1, 0.0, 1160, 3.49924766882
0.1, 0.0, 1180, 3.49922713218
0.1, 0.0, 1200, 3.49920637596
0.1, 0.0, 1220, 3.49918538447
0.1, 0.0, 1240, 3.49916414184
0.1, 0.0, 1260, 3.49914263191
0.1, 0.0, 1280, 3.49912083828
0.1, 0.0, 1300, 3.49909874426
0.1, 0.0, 1320, 3.49907633282
0.1, 0.0, 1340, 3.49905358663
0.1, 0.0, 1360, 3.49903048797
0.1, 0.0, 1380, 3.49900701875
0.1, 0.0, 1400, 3.49898316047
0.1, 0.0, 1420, 3.49895889418
0.1, 0.0, 1440, 3.49893420049
0.1, 0.0, 1460, 3.49890905952
0.1, 0.0, 1480, 3.49888345084
0.1, 0.0, 1500, 3.49885735353
0.1, 0.0, 1520, 3.49883074606
0.1, 0.0, 1540, 3.49880360629
0.1, 0.0, 1560, 3.49877591148
0.1, 0.0, 1580, 3.49874763818
0.1, 0.0, 1600, 3.49871876226
0.1, 0.0, 1620, 3.49868925886
0.1, 0.0, 1640, 3.49865910232
0.1, 0.0, 1660, 3.49862826619
0.1, 0.0, 1680, 3.49859672316
0.1, 0.0, 1700, 3.49856444502
0.1, 0.0, 1720, 3.49853140265
0.1, 0.0, 1740, 3.49849756592
0.1, 0.0, 1760, 3.49846290369
0.1, 0.0, 1780, 3.49842738375
0.1, 0.0, 1800, 3.49839097275
0.1, 0.0, 1820, 3.49835363618
0.1, 0.0, 1840, 3.49831533829
0.1, 0.0, 1860, 3.49827604203
0.1, 0.0, 1880, 3.49823570901
0.1, 0.0, 1900, 3.49819429945
0.1, 0.0, 1920, 3.49815177204
0.1, 0.0, 1940, 3.49810808397
0.1, 0.0, 1960, 3.49806319078
0.1, 0.0, 1980, 3.49801704633
0.1, 0.0, 2000, 3.49796960271
0.1, 0.0, 2020, 3.49792081012
0.1, 0.0, 2040, 3.49787061686
0.1, 0.0, 2060, 3.49781896915
0.1, 0.0, 2080, 3.49776581109
0.1, 0.0, 2100, 3.49771108456
0.1, 0.0, 2120, 3.49765472907
0.1, 0.0, 2140, 3.4975966817
0.1, 0.0, 2160, 3.49753687692
0.1, 0.0, 2180, 3.49747524654
0.1, 0.0, 2200, 3.49741171952
0.1, 0.0, 2220, 3.49734622185
0.1, 0.0, 2240, 3.49727867641
0.1, 0.0, 2260, 3.49720900281
0.1, 0.0, 2280, 3.49713711723
0.1, 0.0, 2300, 3.49706293225
0.1, 0.0, 2320, 3.49698635666
0.1, 0.0, 2340, 3.49690729528
0.1, 0.0, 2360, 3.49682564876
0.1, 0.0, 2380, 3.49674131335
0.1, 0.0, 2400, 3.49665418068
0.1, 0.0, 2420, 3.49656413755
0.1, 0.0, 2440, 3.49647106564
0.1, 0.0, 2460, 3.49637484125
0.1, 0.0, 2480, 3.49627533504
0.1, 0.0, 2500, 3.4961724117
0.1, 0.0, 2520, 3.49606592966
0.1, 0.0, 2540, 3.49595574075
0.1, 0.0, 2560, 3.49584168983
0.1, 0.0, 2580, 3.49572361443
0.1, 0.0, 2600, 3.49560134435
0.1, 0.0, 2620, 3.49547470123
0.1, 0.0, 2640, 3.49534349811
0.1, 0.0, 2660, 3.49520753897
0.1, 0.0, 2680, 3.49506661821
0.1, 0.0, 2700, 3.49492052012
0.1, 0.0, 2720, 3.49476901834
0.1, 0.0, 2740, 3.49461187526
0.1, 0.0, 2760, 3.49444884137
0.1, 0.0, 2780, 3.49427965462
0.1, 0.0, 2800, 3.49410403972
0.1, 0.0, 2820, 3.49392170737
0.1, 0.0, 2840, 3.49373235349
0.1, 0.0, 2860, 3.4935356584
0.1, 0.0, 2880, 3.49333128592
0.1, 0.0, 2900, 3.49311888244
0.1, 0.0, 2920, 3.492898076
0.1, 0.0, 2940, 3.49266847515
0.1, 0.0, 2960, 3.49242966796
0.1, 0.0, 2980, 3.49218122081
0.1, 0.0, 3000, 3.49192267723
0.1, 0.0, 3020, 3.49165355656
0.1, 0.0, 3040, 3.49137335265
0.1, 0.0, 3060, 3.49108153244
0.1, 0.0, 3080, 3.49077753449
0.1, 0.0, 3100, 3.49046076735
0.1, 0.0, 3120, 3.49013060799
0.1, 0.0, 3140, 3.48978640004
0.1, 0.0, 3160, 3.48942745195
0.1, 0.0, 3180, 3.48905303511
0.1, 0.0, 3200, 3.48866238182
0.1, 0.0, 3220, 3.48825468316
0.1, 0.0, 3240, 3.48782908678
0.1, 0.0, 3260, 3.48738469453
0.1, 0.0, 3280, 3.48692055996
0.1, 0.0, 3300, 3.48643568571
0.1, 0.0, 3320, 3.48592902066
0.1, 0.0, 3340, 3.48539945701
0.1, 0.0, 3360, 3.48484582701
0.1, 0.0, 3380, 3.48426689961
0.1, 0.0, 3400, 3.48366137671
0.1, 0.0, 3420, 3.48302788917
0.1, 0.0, 3440, 3.48236499247
0.1, 0.0, 3460, 3.48167116186
0.1, 0.0, 3480, 3.48094478708
0.1, 0.0, 3500, 3.48018416652
0.1, 0.0, 3520, 3.47938750057
0.1, 0.0, 3540, 3.47855288427
0.1, 0.0, 3560, 3.47767829892
0.1, 0.0, 3580, 3.47676160248
0.1, 0.0, 3600, 3.47580051874
0.1, 0.0, 3620, 3.47479262472
0.1, 0.0, 3640, 3.47373533622
0.1, 0.0, 3660, 3.47262589103
0.1, 0.0, 3680, 3.47146132956
0.1, 0.0, 3700, 3.47023847216
0.1, 0.0, 3720, 3.46895389277
0.1, 0.0, 3740, 3.46760388821
0.1, 0.0, 3760, 3.46618444218
0.1, 0.0, 3780, 3.46469118338
0.1, 0.0, 3800, 3.46311933633
0.1, 0.0, 3820, 3.46146366407
0.1, 0.0, 3840, 3.45971840102
0.1, 0.0, 3860, 3.45787717452
0.1, 0.0, 3880, 3.45593291318
0.1, 0.0, 3900, 3.45387773973
0.1, 0.0, 3920, 3.45170284577
0.1, 0.0, 3940, 3.44939834563
0.1, 0.0, 3960, 3.44695310554
0.1, 0.0, 3980, 3.44435454425
0.1, 0.0, 4000, 3.44158840021
0.1, 0.0, 4020, 3.43863845965
0.1, 0.0, 4040, 3.43548623918
0.1, 0.0, 4060, 3.43211061505
0.1, 0.0, 4080, 3.42848739026
0.1, 0.0, 4100, 3.42458878918
0.1, 0.0, 4120, 3.42038286775
0.1, 0.0, 4140, 3.41583282598
0.1, 0.0, 4160, 3.4108962076
0.1, 0.0, 4180, 3.40552397114
0.1, 0.0, 4200, 3.39965941533
0.1, 0.0, 4220, 3.39323694284
0.1, 0.0, 4240, 3.38618064742
0.1, 0.0, 4260, 3.37840271343
0.1, 0.0, 4280, 3.36980162179
0.1, 0.0, 4300, 3.36026016454
0.1, 0.0, 4320, 3.34964327879
0.1, 0.0, 4340, 3.3377957213
0.1, 0.0, 4360, 3.32453961407
0.1, 0.0, 4380, 3.30967189934
0.1, 0.0, 4400, 3.2929617528
0.1, 0.0, 4420, 3.27414802969
0.1, 0.0, 4440, 3.2529368974
0.1, 0.0, 4460, 3.2290000152
0.1, 0.0, 4480, 3.20197407722
0.1, 0.0, 4500, 3.17146336111
0.1, 0.0, 4520, 3.13704810077
0.1, 0.0, 4540, 3.09830255412
0.1, 0.0, 4560, 3.05482631094
0.1, 0.0, 4580, 3.00628877143
0.1, 0.0, 4600, 2.95247870649
0.1, 0.0, 4620, 2.89334092259
0.1, 0.0, 4640, 2.82897826885
0.1, 0.0, 4660, 2.75960889117
0.1, 0.0, 4680, 2.68549601946
0.1, 0.0, 4700, 2.60689546044
0.1, 0.0, 4720, 2.52407329112
0.1, 0.0, 4740, 2.43742199099
0.1, 0.0, 4760, 2.34764559562
0.1, 0.0, 4780, 2.25589751109
0.1, 0.0, 4800, 2.1636838304
0.1, 0.0, 4820, 2.07240169541
0.1, 0.0, 4840, 1.98263914824
0.1, 0.0, 4860, 1.89371148356
0.1, 0.0, 4880, 1.80407854498
0.1, 0.0, 4900, 1.71278268939
0.1, 0.0, 4920, 1.62059076324
0.1, 0.0, 4940, 1.52940090328
0.1, 0.0, 4960, 1.4411080859
0.1, 0.0, 4980, 1.35726802266
0.1, 0.0, 5000, 1.27893369712
0.1, 0.0, 5020, 1.20615698669
0.1, 0.0, 5040, 1.13740892846
0.1, 0.0, 5060, 1.07035001128
0.1, 0.0, 5080, 1.00462918286
0.1, 0.0, 5100, 0.942184008647
0.1, 0.0, 5120, 0.884964708685
0.1, 0.0, 5140, 0.833661123996
0.1, 0.0, 5160, 0.787470735208
0.1, 0.0, 5180, 0.742601742624
0.1, 0.0, 5200, 0.670875025323
0.1, 0.0, 5220, 0.455819520743
0.1, 0.0, 5240, 0.38157169731
0.1, 0.0, 5260, 0.332878510356
0.1, 0.0, 5280, 0.292810855616
0.1, 0.0, 5300, 0.259179543596
0.1, 0.0, 5320, 0.230799699642
0.1, 0.0, 5340, 0.206738335673
0.1, 0.0, 5360, 0.186233317769
0.1, 0.0, 5380, 0.168662978356
0.1, 0.0, 5400, 0.153522088734
0.1, 0.0, 5420, 0.140400729046
0.1, 0.0, 5440, 0.128966146852
0.1, 0.0, 5460, 0.118947650683
0.1, 0.0, 5480, 0.110124304283
0.1, 0.0, 5500, 0.102315041085
0.1, 0.0, 5520, 0.0953707867229
0.1, 0.0, 5540, 0.0891682065164
0.1, 0.0, 5560, 0.0836047483877
0.1, 0.0, 5580, 0.0785947095783
0.1, 0.0, 5600, 0.0740661089687
0.1, 0.0, 5620, 0.0699581923187
0.1, 0.0, 5640, 0.0662194349754
0.1, 0.0, 5660, 0.0628059362787
0.1, 0.0, 5680, 0.0596801232183
0.1, 0.0, 5700, 0.0568096990695
0.1, 0.0, 5720, 0.0541667868272
0.1, 0.0, 5740, 0.0517272281658
0.1, 0.0, 5760, 0.0494700070973
0.1, 0.0, 5780, 0.0473767740399
0.1, 0.0, 5800, 0.0454314510957
0.1, 0.0, 5820, 0.0436199032894
0.1, 0.0, 5840, 0.041929663615
0.1, 0.0, 5860, 0.0403497021631
0.1, 0.0, 5880, 0.038870231507
0.1, 0.0, 5900, 0.0374825420368
0.1, 0.0, 5920, 0.0361788621261
0.1, 0.0, 5940, 0.034952238969
0.1, 0.0, 5960, 0.0337964366866
0.1, 0.0, 5980, 0.0327058489138
0.1, 0.0, 6000, 0.0316754235724
0.1, 0.0, 6020, 0.0307005979324
0.1, 0.0, 6040, 0.029777242388
0.1, 0.0, 6060, 0.0289016116425
0.1, 0.0, 6080, 0.0280703022054
0.1, 0.0, 6100, 0.0272802152903
0.1, 0.0, 6120, 0.0265285243412
0.1, 0.0, 6140, 0.0258126465408
0.1, 0.0, 6160, 0.0251302177513
0.1, 0.0, 6180, 0.024479070424
0.1, 0.0, 6200, 0.0238572140807
0.1, 0.0, 6220, 0.0232628180312
0.1, 0.0, 6240, 0.0226941960372
0.1, 0.0, 6260, 0.0221497926773
0.1, 0.0, 6280, 0.0216281711979
0.1, 0.0, 6300, 0.0211280026699
0.1, 0.0, 6320, 0.0206480562911
0.1, 0.0, 6340, 0.0201871906982
0.2, 0.0, 20, 3.50058708142
0.2, 0.0, 40, 3.50052295887
0.2, 0.0, 60, 3.50044867108
0.2, 0.0, 80, 3.50037868836
0.2, 0.0, 100, 3.50031263182
0.2, 0.0, 120, 3.50025010671
0.2, 0.0, 140, 3.50019075396
0.2, 0.0, 160, 3.50013424602
0.2, 0.0, 180, 3.50008028293
0.2, 0.0, 200, 3.50002858893
0.2, 0.0, 220, 3.49997890949
0.2, 0.0, 240, 3.49993100865
0.2, 0.0, 260, 3.49988466669
0.2, 0.0, 280, 3.49983967798
0.2, 0.0, 300, 3.49979584917
0.2, 0.0, 320, 3.49975299748
0.2, 0.0, 340, 3.49971094917
0.2, 0.0, 360, 3.49966953812
0.2, 0.0, 380, 3.4996286046
0.2, 0.0, 400, 3.4995879941
0.2, 0.0, 420, 3.49954755618
0.2, 0.0, 440, 3.49950714349
0.2, 0.0, 460, 3.49946661081
0.2, 0.0, 480, 3.49942581409
0.2, 0.0, 500, 3.49938460962
0.2, 0.0, 520, 3.4993428531
0.2, 0.0, 540, 3.49930039886
0.2, 0.0, 560, 3.49925709899
0.2, 0.0, 580, 3.49921280254
0.2, 0.0, 600, 3.49916735462
0.2, 0.0, 620, 3.49912059562
0.2, 0.0, 640, 3.49907236028
0.2, 0.0, 660, 3.49902247683
0.2, 0.0, 680, 3.49897076601
0.2, 0.0, 700, 3.4989170401
0.2, 0.0, 720, 3.49886110191
0.2, 0.0, 740, 3.49880274366
0.2, 0.0, 760, 3.49874174581
0.2, 0.0, 780, 3.49867787583
0.2, 0.0, 800, 3.49861088687
0.2, 0.0, 820, 3.49854051631
0.2, 0.0, 840, 3.49846648421
0.2, 0.0, 860, 3.49838849163
0.2, 0.0, 880, 3.49830621885
0.2, 0.0, 900, 3.4982193233
0.2, 0.0, 920, 3.4981274375
0.2, 0.0, 940, 3.49803016662
0.2, 0.0, 960, 3.49792708592
0.2, 0.0, 980, 3.49781773793
0.2, 0.0, 1000, 3.49770162929
0.2, 0.0, 1020, 3.49757822739
0.2, 0.0, 1040, 3.49744695651
0.2, 0.0, 1060, 3.49730719372
0.2, 0.0, 1080, 3.49715826427
0.2, 0.0, 1100, 3.4969994365
0.2, 0.0, 1120, 3.49682991629
0.2, 0.0, 1140, 3.49664884079
0.2, 0.0, 1160, 3.49645527169
0.2, 0.0, 1180, 3.49624818759
0.2, 0.0, 1200, 3.49602647572
0.2, 0.0, 1220, 3.49578892281
0.2, 0.0, 1240, 3.49553420492
0.2, 0.0, 1260, 3.49526087647
0.2, 0.0, 1280, 3.49496735804
0.2, 0.0, 1300, 3.49465192319
0.2, 0.0, 1320, 3.49431268401
0.2, 0.0, 1340, 3.49394757555
0.2, 0.0, 1360, 3.49355433896
0.2, 0.0, 1380, 3.49313050347
0.2, 0.0, 1400, 3.49267336712
0.2, 0.0, 1420, 3.49217997645
0.2, 0.0, 1440, 3.49164710516
0.2, 0.0, 1460, 3.491071232
0.2, 0.0, 1480, 3.49044851803
0.2, 0.0, 1500, 3.48977478364
0.2, 0.0, 1520, 3.48904548554
0.2, 0.0, 1540, 3.48825569427
0.2, 0.0, 1560, 3.48740007247
0.2, 0.0, 1580, 3.48647285436
0.2, 0.0, 1600, 3.48546782675
0.2, 0.0, 1620, 3.48437831171
0.2, 0.0, 1640, 3.48319715069
0.2, 0.0, 1660, 3.48191668952
0.2, 0.0, 1680, 3.48052876314
0.2, 0.0, 1700, 3.47902467774
0.2, 0.0, 1720, 3.4773951869
0.2, 0.0, 1740, 3.47563045656
0.2, 0.0, 1760, 3.47372001128
0.2, 0.0, 1780, 3.47165265133
0.2, 0.0, 1800, 3.469416326
0.2, 0.0, 1820, 3.46699794333
0.2, 0.0, 1840, 3.46438308969
0.2, 0.0, 1860, 3.4615556232
0.2, 0.0, 1880, 3.45849709294
0.2, 0.0, 1900, 3.45518591939
0.2, 0.0, 1920, 3.45159624945
0.2, 0.0, 1940, 3.44769636922
0.2, 0.0, 1960, 3.44344651675
0.2, 0.0, 1980, 3.43879588062
0.2, 0.0, 2000, 3.43367849216
0.2, 0.0, 2020, 3.42800761005
0.2, 0.0, 2040, 3.42166803988
0.2, 0.0, 2060, 3.4145056054
0.2, 0.0, 2080, 3.40631265764
0.2, 0.0, 2100, 3.39680804136
0.2, 0.0, 2120, 3.38560935053
0.2, 0.0, 2140, 3.37219478547
0.2, 0.0, 2160, 3.3558520626
0.2, 0.0, 2180, 3.3356137958
0.2, 0.0, 2200, 3.31018394947
0.2, 0.0, 2220, 3.27786790505
0.2, 0.0, 2240, 3.23652344066
0.2, 0.0, 2260, 3.18354508676
0.2, 0.0, 2280, 3.11591506666
0.2, 0.0, 2300, 3.03050958932
0.2, 0.0, 2320, 2.92503209579
0.2, 0.0, 2340, 2.79932024258
0.2, 0.0, 2360, 2.65535951549
0.2, 0.0, 2380, 2.49584249861
0.2, 0.0, 2400, 2.32496641859
0.2, 0.0, 2420, 2.15139810361
0.2, 0.0, 2440, 1.98481832983
0.2, 0.0, 2460, 1.82334785375
0.2, 0.0, 2480, 1.65242652877
0.2, 0.0, 2500, 1.47234953651
0.2, 0.0, 2520, 1.29637974227
0.2, 0.0, 2540, 1.13172146942
0.2, 0.0, 2560, 0.974590044937
0.2, 0.0, 2580, 0.830854475829
0.2, 0.0, 2600, 0.713714154492
0.2, 0.0, 2620, 0.595474416945
0.2, 0.0, 2640, 0.373730276988
0.2, 0.0, 2660, 0.228245448304
0.2, 0.0, 2680, 0.162744677897
0.2, 0.0, 2700, 0.124584400665
0.2, 0.0, 2720, 0.0993838846363
0.2, 0.0, 2740, 0.081656853815
0.2, 0.0, 2760, 0.0686554046254
0.2, 0.0, 2780, 0.0588109417449
0.2, 0.0, 2800, 0.051160808246
0.2, 0.0, 2820, 0.0450847783539
0.2, 0.0, 2840, 0.0401681350167
0.2, 0.0, 2860, 0.0361249986893
0.2, 0.0, 2880, 0.0327531138122
0.2, 0.0, 2900, 0.0299061075266
0.2, 0.0, 2920, 0.0274759062016
0.2, 0.0, 2940, 0.0253812761972
0.2, 0.0, 2960, 0.0235601714614
0.2, 0.0, 2980, 0.0219645109968
0.2, 0.0, 3000, 0.0205565441532
0.3, 0.0, 20, 3.50063462456
0.3, 0.0, 40, 3.5005152738
0.3, 0.0, 60, 3.50040519942
0.3, 0.0, 80, 3.50030430214
0.3, 0.0, 100, 3.50021120937
0.3, 0.0, 120, 3.50012471788
0.3, 0.0, 140, 3.50004376388
0.3, 0.0, 160, 3.49996739776
0.3, 0.0, 180, 3.49989476311
0.3, 0.0, 200, 3.49982507896
0.3, 0.0, 220, 3.49975762455
0.3, 0.0, 240, 3.4996917263
0.3, 0.0, 260, 3.49962674631
0.3, 0.0, 280, 3.49956207221
0.3, 0.0, 300, 3.49949710802
0.3, 0.0, 320, 3.49943126565
0.3, 0.0, 340, 3.49936395711
0.3, 0.0, 360, 3.49929458688
0.3, 0.0, 380, 3.49922254463
0.3, 0.0, 400, 3.49914719783
0.3, 0.0, 420, 3.49906788432
0.3, 0.0, 440, 3.49898390461
0.3, 0.0, 460, 3.49889451371
0.3, 0.0, 480, 3.49879891248
0.3, 0.0, 500, 3.49869623816
0.3, 0.0, 520, 3.49858555404
0.3, 0.0, 540, 3.49846583802
0.3, 0.0, 560, 3.49833596984
0.3, 0.0, 580, 3.4981947166
0.3, 0.0, 600, 3.49804071656
0.3, 0.0, 620, 3.4978724605
0.3, 0.0, 640, 3.49768827062
0.3, 0.0, 660, 3.49748627624
0.3, 0.0, 680, 3.49726438597
0.3, 0.0, 700, 3.49702025576
0.3, 0.0, 720, 3.49675125221
0.3, 0.0, 740, 3.49645441051
0.3, 0.0, 760, 3.49612638638
0.3, 0.0, 780, 3.49576340131
0.3, 0.0, 800, 3.49536118053
0.3, 0.0, 820, 3.49491488324
0.3, 0.0, 840, 3.49441902486
0.3, 0.0, 860, 3.49386739126
0.3, 0.0, 880, 3.49325294555
0.3, 0.0, 900, 3.49256772871
0.3, 0.0, 920, 3.49180275589
0.3, 0.0, 940, 3.49094791187
0.3, 0.0, 960, 3.48999185005
0.3, 0.0, 980, 3.48892190127
0.3, 0.0, 1000, 3.48772400038
0.3, 0.0, 1020, 3.48638264019
0.3, 0.0, 1040, 3.48488086363
0.3, 0.0, 1060, 3.48320030567
0.3, 0.0, 1080, 3.48132129524
0.3, 0.0, 1100, 3.47922302457
0.3, 0.0, 1120, 3.47688378643
0.3, 0.0, 1140, 3.47428126907
0.3, 0.0, 1160, 3.47139288179
0.3, 0.0, 1180, 3.46819605898
0.3, 0.0, 1200, 3.46466845546
0.3, 0.0, 1220, 3.46078789656
0.3, 0.0, 1240, 3.45653187726
0.3, 0.0, 1260, 3.45187630751
0.3, 0.0, 1280, 3.44679306041
0.3, 0.0, 1300, 3.44124566863
0.3, 0.0, 1320, 3.43518218167
0.3, 0.0, 1340, 3.42852364974
0.3, 0.0, 1360, 3.42114578037
0.3, 0.0, 1380, 3.41284975646
0.3, 0.0, 1400, 3.40331556816
0.3, 0.0, 1420, 3.39202666978
0.3, 0.0, 1440, 3.37814651863
0.3, 0.0, 1460, 3.36031200873
0.3, 0.0, 1480, 3.33628494673
0.3, 0.0, 1500, 3.30240386823
0.3, 0.0, 1520, 3.25294670552
0.3, 0.0, 1540, 3.17995253832
0.3, 0.0, 1560, 3.07394512707
0.3, 0.0, 1580, 2.92580109766
0.3, 0.0, 1600, 2.73375715093
0.3, 0.0, 1620, 2.50897790433
0.3, 0.0, 1640, 2.26487556247
0.3, 0.0, 1660, 2.01345250894
0.3, 0.0, 1680, 1.74567525729
0.3, 0.0, 1700, 1.40324400902
0.3, 0.0, 1720, 1.05138751668
0.3, 0.0, 1740, 0.784729799511
0.3, 0.0, 1760, 0.643310271372
0.3, 0.0, 1780, 0.580250869074
0.3, 0.0, 1800, 0.546759418681
0.3, 0.0, 1820, 0.523213113477
0.3, 0.0, 1840, 0.473866416702
0.3, 0.0, 1860, 0.103551409039
0.3, 0.0, 1880, 0.0748300978189
0.3, 0.0, 1900, 0.0591321588364
0.3, 0.0, 1920, 0.0488713281828
0.3, 0.0, 1940, 0.0415883151798
0.3, 0.0, 1960, 0.0361388202534
0.3, 0.0, 1980, 0.0319056459957
0.3, 0.0, 2000, 0.0285231557797
0.3, 0.0, 2020, 0.0257597880394
0.3, 0.0, 2040, 0.0234613072647
0.3, 0.0, 2060, 0.0215208281455
0.4, 0.0, 20, 3.50069227755
0.4, 0.0, 40, 3.50052863358
0.4, 0.0, 60, 3.50038361443
0.4, 0.0, 80, 3.50025368734
0.4, 0.0, 100, 3.5001357527
0.4, 0.0, 120, 3.50002714414
0.4, 0.0, 140, 3.49992552715
0.4, 0.0, 160, 3.49982881787
0.4, 0.0, 180, 3.49973511677
0.4, 0.0, 200, 3.49964265365
0.4, 0.0, 220, 3.49954974081
0.4, 0.0, 240, 3.49945473235
0.4, 0.0, 260, 3.49935598749
0.4, 0.0, 280, 3.49925183657
0.4, 0.0, 300, 3.49914054816
0.4, 0.0, 320, 3.49902029611
0.4, 0.0, 340, 3.49888912526
0.4, 0.0, 360, 3.49874491451
0.4, 0.0, 380, 3.49858533579
0.4, 0.0, 400, 3.49840780749
0.4, 0.0, 420, 3.4982094404
0.4, 0.0, 440, 3.4979869741
0.4, 0.0, 460, 3.49773670159
0.4, 0.0, 480, 3.49745437925
0.4, 0.0, 500, 3.49713511927
0.4, 0.0, 520, 3.49677326135
0.4, 0.0, 540, 3.49636222018
0.4, 0.0, 560, 3.4958943054
0.4, 0.0, 580, 3.49536051109
0.4, 0.0, 600, 3.49475027257
0.4, 0.0, 620, 3.49405118992
0.4, 0.0, 640, 3.49324872063
0.4, 0.0, 660, 3.49232584779
0.4, 0.0, 680, 3.49126273721
0.4, 0.0, 700, 3.49003640579
0.4, 0.0, 720, 3.48862043609
0.4, 0.0, 740, 3.48698478653
0.4, 0.0, 760, 3.48509576355
0.4, 0.0, 780, 3.48291623656
0.4, 0.0, 800, 3.48040618648
0.4, 0.0, 820, 3.47752367577
0.4, 0.0, 840, 3.47422630544
0.4, 0.0, 860, 3.47047317145
0.4, 0.0, 880, 3.46622723738
0.4, 0.0, 900, 3.46145788781
0.4, 0.0, 920, 3.45614320988
0.4, 0.0, 940, 3.45027127715
0.4, 0.0, 960, 3.44383941209
0.4, 0.0, 980, 3.43685011452
0.4, 0.0, 1000, 3.42930201512
0.4, 0.0, 1020, 3.421173568
0.4, 0.0, 1040, 3.41239550853
0.4, 0.0, 1060, 3.40280390399
0.4, 0.0, 1080, 3.39205617675
0.4, 0.0, 1100, 3.37947281596
0.4, 0.0, 1120, 3.36372853761
0.4, 0.0, 1140, 3.34223641056
0.4, 0.0, 1160, 3.30987120413
0.4, 0.0, 1180, 3.25634846695
0.4, 0.0, 1200, 3.16318490569
0.4, 0.0, 1220, 3.00818673288
0.4, 0.0, 1240, 2.77713136113
0.4, 0.0, 1260, 2.49139140737
0.4, 0.0, 1280, 2.18319633488
0.4, 0.0, 1300, 1.81955542571
0.4, 0.0, 1320, 1.20158232245
0.4, 0.0, 1340, 0.37699652931
0.4, 0.0, 1360, 0.169115560076
0.4, 0.0, 1380, 0.10550640464
0.4, 0.0, 1400, 0.0752900008265
0.4, 0.0, 1420, 0.0578624330801
0.4, 0.0, 1440, 0.0466296559407
0.4, 0.0, 1460, 0.0388416244605
0.4, 0.0, 1480, 0.0331540114501
0.4, 0.0, 1500, 0.0288351309045
0.4, 0.0, 1520, 0.0254543314549
0.4, 0.0, 1540, 0.0227425022853
0.4, 0.0, 1560, 0.0205233039588
0.5, 0.0, 20, 3.50076725165
0.5, 0.0, 40, 3.50055905667
0.5, 0.0, 60, 3.50037939019
0.5, 0.0, 80, 3.50022117853
0.5, 0.0, 100, 3.50007850883
0.5, 0.0, 120, 3.49994631869
0.5, 0.0, 140, 3.49982014975
0.5, 0.0, 160, 3.49969595491
0.5, 0.0, 180, 3.49956994384
0.5, 0.0, 200, 3.49943845528
0.5, 0.0, 220, 3.49929784669
0.5, 0.0, 240, 3.49914439317
0.5, 0.0, 260, 3.49897418824
0.5, 0.0, 280, 3.49878303888
0.5, 0.0, 300, 3.49856634712
0.5, 0.0, 320, 3.49831896968
0.5, 0.0, 340, 3.49803504625
0.5, 0.0, 360, 3.4977077868
0.5, 0.0, 380, 3.49732920708
0.5, 0.0, 400, 3.49688980185
0.5, 0.0, 420, 3.49637814448
0.5, 0.0, 440, 3.49578040242
0.5, 0.0, 460, 3.49507975883
0.5, 0.0, 480, 3.49425573437
0.5, 0.0, 500, 3.49328341087
0.5, 0.0, 520, 3.49213257447
0.5, 0.0, 540, 3.49076682274
0.5, 0.0, 560, 3.48914272344
0.5, 0.0, 580, 3.48720917344
0.5, 0.0, 600, 3.48490718368
0.5, 0.0, 620, 3.48217039973
0.5, 0.0, 640, 3.47892673906
0.5, 0.0, 660, 3.47510155226
0.5, 0.0, 680, 3.47062264613
0.5, 0.0, 700, 3.46542725946
0.5, 0.0, 720, 3.45947054828
0.5, 0.0, 740, 3.45273424623
0.5, 0.0, 760, 3.445233078
0.5, 0.0, 780, 3.43701576988
0.5, 0.0, 800, 3.42815788999
0.5, 0.0, 820, 3.41874547906
0.5, 0.0, 840, 3.40885029669
0.5, 0.0, 860, 3.3984968527
0.5, 0.0, 880, 3.38761491117
0.5, 0.0, 900, 3.37595406666
0.5, 0.0, 920, 3.36289680815
0.5, 0.0, 940, 3.34700903269
0.5, 0.0, 960, 3.32494616834
0.5, 0.0, 980, 3.28887957027
0.5, 0.0, 1000, 3.2201618351
0.5, 0.0, 1020, 3.07835239274
0.5, 0.0, 1040, 2.83119893637
0.5, 0.0, 1060, 2.51169249353
0.5, 0.0, 1080, 2.1299964567
0.5, 0.0, 1100, 1.52588939764
0.5, 0.0, 1120, 0.46839979113
0.5, 0.0, 1140, 0.169689374594
0.5, 0.0, 1160, 0.093744606244
0.5, 0.0, 1180, 0.0625617781768
0.5, 0.0, 1200, 0.0462155082511
0.5, 0.0, 1220, 0.0363377956064
0.5, 0.0, 1240, 0.029792102444
0.5, 0.0, 1260, 0.0251656418961
0.5, 0.0, 1280, 0.0217367132782
0.6, 0.0, 20, 3.50085713823
0.6, 0.0, 40, 3.5006027261
0.6, 0.0, 60, 3.50038799953
0.6, 0.0, 80, 3.50020065445
0.6, 0.0, 100, 3.50003048056
0.6, 0.0, 120, 3.49986871715
0.6, 0.0, 140, 3.49970757338
0.6, 0.0, 160, 3.49953986444
0.6, 0.0, 180, 3.49935872349
0.6, 0.0, 200, 3.49915735334
0.6, 0.0, 220, 3.49892878308
0.6, 0.0, 240, 3.49866559541
0.6, 0.0, 260, 3.49835959063
0.6, 0.0, 280, 3.49800135585
0.6, 0.0, 300, 3.49757971197
0.6, 0.0, 320, 3.49708101548
0.6, 0.0, 340, 3.4964882943
0.6, 0.0, 360, 3.49578019506
0.6, 0.0, 380, 3.49492971666
0.6, 0.0, 400, 3.49390270729
0.6, 0.0, 420, 3.4926561239
0.6, 0.0, 440, 3.49113611002
0.6, 0.0, 460, 3.48927605945
0.6, 0.0, 480, 3.48699501499
0.6, 0.0, 500, 3.48419700588
0.6, 0.0, 520, 3.48077223214
0.6, 0.0, 540, 3.47660129745
0.6, 0.0, 560, 3.47156384451
0.6, 0.0, 580, 3.46555266415
0.6, 0.0, 600, 3.45849305874
0.6, 0.0, 620, 3.45036432619
0.6, 0.0, 640, 3.44121616355
0.6, 0.0, 660, 3.43117051569
0.6, 0.0, 680, 3.42040318109
0.6, 0.0, 700, 3.4091096202
0.6, 0.0, 720, 3.39746837226
0.6, 0.0, 740, 3.38561402252
0.6, 0.0, 760, 3.3736192747
0.6, 0.0, 780, 3.36146880122
0.6, 0.0, 800, 3.34898413198
0.6, 0.0, 820, 3.33559906732
0.6, 0.0, 840, 3.31968474366
0.6, 0.0, 860, 3.29651155448
0.6, 0.0, 880, 3.25298864753
0.6, 0.0, 900, 3.15660546411
0.6, 0.0, 920, 2.9431399543
0.6, 0.0, 940, 2.6456249204
0.6, 0.0, 960, 2.44322497143
0.6, 0.0, 980, 1.98242760317
0.6, 0.0, 1000, 0.98077340444
0.6, 0.0, 1020, 0.235772432505
0.6, 0.0, 1040, 0.10810103104
0.6, 0.0, 1060, 0.0665841945199
0.6, 0.0, 1080, 0.0470835668343
0.6, 0.0, 1100, 0.0360112006361
0.6, 0.0, 1120, 0.0289588748347
0.6, 0.0, 1140, 0.0241088811165
0.6, 0.0, 1160, 0.0205858918837
0.7, 0.0, 20, 3.50095883557
0.7, 0.0, 40, 3.50065611372
0.7, 0.0, 60, 3.50040497524
0.7, 0.0, 80, 3.50018555116
0.7, 0.0, 100, 3.49998144208
0.7, 0.0, 120, 3.49977863829
0.7, 0.0, 140, 3.49956474776
0.7, 0.0, 160, 3.49932841
0.7, 0.0, 180, 3.49905876656
0.7, 0.0, 200, 3.49874485935
0.7, 0.0, 220, 3.49837484662
0.7, 0.0, 240, 3.49793496418
0.7, 0.0, 260, 3.49740820424
0.7, 0.0, 280, 3.49677270909
0.7, 0.0, 300, 3.49599986251
0.7, 0.0, 320, 3.49505201756
0.7, 0.0, 340, 3.49387976437
0.7, 0.0, 360, 3.49241866969
0.7, 0.0, 380, 3.49058556777
0.7, 0.0, 400, 3.48827480313
0.7, 0.0, 420, 3.48535536339
0.7, 0.0, 440, 3.48167060586
0.7, 0.0, 460, 3.47704321876
0.7, 0.0, 480, 3.47128894673
0.7, 0.0, 500, 3.46424264465
0.7, 0.0, 520, 3.45579724763
0.7, 0.0, 540, 3.44594748543
0.7, 0.0, 560, 3.43481771836
0.7, 0.0, 580, 3.42265031153
0.7, 0.0, 600, 3.40975186163
0.7, 0.0, 620, 3.3964276807
0.7, 0.0, 640, 3.38294369317
0.7, 0.0, 660, 3.36952717094
0.7, 0.0, 680, 3.35638449872
0.7, 0.0, 700, 3.34370310351
0.7, 0.0, 720, 3.33161368818
0.7, 0.0, 740, 3.32009793589
0.7, 0.0, 760, 3.30878914708
0.7, 0.0, 780, 3.29638834147
0.7, 0.0, 800, 3.27840486127
0.7, 0.0, 820, 3.23866363041
0.7, 0.0, 840, 3.12860801773
0.7, 0.0, 860, 2.85161870715
0.7, 0.0, 880, 2.50929239321
0.7, 0.0, 900, 2.08075747777
0.7, 0.0, 920, 0.87758896017
0.7, 0.0, 940, 0.21715928145
0.7, 0.0, 960, 0.109681415411
0.7, 0.0, 980, 0.0713703254819
0.7, 0.0, 1000, 0.0522735344014
0.7, 0.0, 1020, 0.040977830361
0.7, 0.0, 1040, 0.0335655895595
0.7, 0.0, 1060, 0.0283505917971
0.7, 0.0, 1080, 0.0244933061541
0.7, 0.0, 1100, 0.021530828803
0.8, 0.0, 20, 3.50106949442
0.8, 0.0, 40, 3.50071599952
0.8, 0.0, 60, 3.50042592409
0.8, 0.0, 80, 3.50016897228
0.8, 0.0, 100, 3.49992054874
0.8, 0.0, 120, 3.49966022332
0.8, 0.0, 140, 3.49937058748
0.8, 0.0, 160, 3.49903611957
0.8, 0.0, 180, 3.49864168952
0.8, 0.0, 200, 3.49817050489
0.8, 0.0, 220, 3.49760153811
0.8, 0.0, 240, 3.49690659628
0.8, 0.0, 260, 3.49604708481
0.8, 0.0, 280, 3.49497027126
0.8, 0.0, 300, 3.49360469044
0.8, 0.0, 320, 3.49185442339
0.8, 0.0, 340, 3.48959242379
0.8, 0.0, 360, 3.48665394853
0.8, 0.0, 380, 3.4828325876
0.8, 0.0, 400, 3.4778834811
0.8, 0.0, 420, 3.47154096941
0.8, 0.0, 440, 3.46355973441
0.8, 0.0, 460, 3.45378363855
0.8, 0.0, 480, 3.44222540793
0.8, 0.0, 500, 3.42910852943
0.8, 0.0, 520, 3.41482322469
0.8, 0.0, 540, 3.39981612206
0.8, 0.0, 560, 3.38450237716
0.8, 0.0, 580, 3.36925838827
0.8, 0.0, 600, 3.35445986538
0.8, 0.0, 620, 3.34048953596
0.8, 0.0, 640, 3.32768248175
0.8, 0.0, 660, 3.31624860876
0.8, 0.0, 680, 3.30623079645
0.8, 0.0, 700, 3.29751057608
0.8, 0.0, 720, 3.28982010213
0.8, 0.0, 740, 3.28267824417
0.8, 0.0, 760, 3.27502371247
0.8, 0.0, 780, 3.26342202018
0.8, 0.0, 800, 3.23230659647
0.8, 0.0, 820, 3.11767260573
0.8, 0.0, 840, 2.77854287327
0.8, 0.0, 860, 2.35542548857
0.8, 0.0, 880, 1.35151900942
0.8, 0.0, 900, 0.264237648972
0.8, 0.0, 920, 0.117994435036
0.8, 0.0, 940, 0.0721813408443
0.8, 0.0, 960, 0.050926594208
0.8, 0.0, 980, 0.0389417962348
0.8, 0.0, 1000, 0.0313441559772
0.8, 0.0, 1020, 0.0261364572042
0.8, 0.0, 1040, 0.0223623838034
0.9, 0.0, 20, 3.50118659144
0.9, 0.0, 40, 3.50077946336
0.9, 0.0, 60, 3.50044656986
0.9, 0.0, 80, 3.50014411652
0.9, 0.0, 100, 3.4998380004
0.9, 0.0, 120, 3.49950173727
0.9, 0.0, 140, 3.49911417775
0.9, 0.0, 160, 3.49865614011
0.9, 0.0, 180, 3.49810583044
0.9, 0.0, 200, 3.49743374054
0.9, 0.0, 220, 3.49659766469
0.9, 0.0, 240, 3.4955376049
0.9, 0.0, 260, 3.49416957921
0.9, 0.0, 280, 3.49237735502
0.9, 0.0, 300, 3.49000191324
0.9, 0.0, 320, 3.48682999423
0.9, 0.0, 340, 3.48258568944
0.9, 0.0, 360, 3.4769332993
0.9, 0.0, 380, 3.46950600419
0.9, 0.0, 400, 3.45997977792
0.9, 0.0, 420, 3.44819781734
0.9, 0.0, 440, 3.43429376999
0.9, 0.0, 460, 3.41870253367
0.9, 0.0, 480, 3.40201579241
0.9, 0.0, 500, 3.38481984244
0.9, 0.0, 520, 3.36766896151
0.9, 0.0, 540, 3.35114385331
0.9, 0.0, 560, 3.335832797
0.9, 0.0, 580, 3.32219868488
0.9, 0.0, 600, 3.31045943957
0.9, 0.0, 620, 3.30058568675
0.9, 0.0, 640, 3.29238706523
0.9, 0.0, 660, 3.2856081811
0.9, 0.0, 680, 3.27999174255
0.9, 0.0, 700, 3.27530703786
0.9, 0.0, 720, 3.27135589179
0.9, 0.0, 740, 3.26796597373
0.9, 0.0, 760, 3.26497441975
0.9, 0.0, 780, 3.26219453265
0.9, 0.0, 800, 3.25933191803
0.9, 0.0, 820, 3.25570428319
0.9, 0.0, 840, 3.24894285587
0.9, 0.0, 860, 3.22626345226
0.9, 0.0, 880, 3.11294814864
0.9, 0.0, 900, 2.7242602634
0.9, 0.0, 920, 2.19062628517
0.9, 0.0, 940, 0.594829674443
0.9, 0.0, 960, 0.160992673244
0.9, 0.0, 980, 0.0858420643055
0.9, 0.0, 1000, 0.0567988884494
0.9, 0.0, 1020, 0.0418034348477
0.9, 0.0, 1040, 0.0327811006107
0.9, 0.0, 1060, 0.0268105441699
0.9, 0.0, 1080, 0.0225938111064
