0.1, 0.0, 20, 5.10187721216
0.1, 0.0, 40, 5.01937408756
0.1, 0.0, 60, 4.99684838354
0.1, 0.0, 80, 4.98696516985
0.1, 0.0, 100, 4.98157308164
0.1, 0.0, 120, 4.97821385995
0.1, 0.0, 140, 4.97591541493
0.1, 0.0, 160, 4.97422434122
0.1, 0.0, 180, 4.97290395324
0.1, 0.0, 200, 4.97182008407
0.1, 0.0, 220, 4.97089170072
0.1, 0.0, 240, 4.97006731171
0.1, 0.0, 260, 4.96931279156
0.1, 0.0, 280, 4.96860469742
0.1, 0.0, 300, 4.96792641079
0.1, 0.0, 320, 4.96726581538
0.1, 0.0, 340, 4.96661384993
0.1, 0.0, 360, 4.96596357997
0.1, 0.0, 380, 4.9653095881
0.1, 0.0, 400, 4.96464756614
0.1, 0.0, 420, 4.96397403844
0.1, 0.0, 440, 4.96328617284
0.1, 0.0, 460, 4.96258165084
0.1, 0.0, 480, 4.96185857866
0.1, 0.0, 500, 4.96111542637
0.1, 0.0, 520, 4.960350986
0.1, 0.0, 540, 4.95956434194
0.1, 0.0, 560, 4.95875484846
0.1, 0.0, 580, 4.95792211022
0.1, 0.0, 600, 4.95706596283
0.1, 0.0, 620, 4.9561864508
0.1, 0.0, 640, 4.95528380174
0.1, 0.0, 660, 4.95435839569
0.1, 0.0, 680, 4.95341073004
0.1, 0.0, 700, 4.95244138059
0.1, 0.0, 720, 4.95145096023
0.1, 0.0, 740, 4.95044007687
0.1, 0.0, 760, 4.94940929255
0.1, 0.0, 780, 4.94835908531
0.1, 0.0, 800, 4.94728981514
0.1, 0.0, 820, 4.946201695
0.1, 0.0, 840, 4.94509476702
0.1, 0.0, 860, 4.94396888411
0.1, 0.0, 880, 4.94282369612
0.1, 0.0, 900, 4.94165864016
0.1, 0.0, 920, 4.94047293388
0.1, 0.0, 940, 4.9392655712
0.1, 0.0, 960, 4.93803531928
0.1, 0.0, 980, 4.93678071644
0.1, 0.0, 1000, 4.9355000702
0.1, 0.0, 1020, 4.93419145523
0.1, 0.0, 1040, 4.93285271107
0.1, 0.0, 1060, 4.93148143933
0.1, 0.0, 1080, 4.93007500084
0.1, 0.0, 1100, 4.92863051264
0.1, 0.0, 1120, 4.92714484534
0.1, 0.0, 1140, 4.92561462125
0.1, 0.0, 1160, 4.92403621378
0.1, 0.0, 1180, 4.92240574862
0.1, 0.0, 1200, 4.92071910717
0.1, 0.0, 1220, 4.91897193271
0.1, 0.0, 1240, 4.91715963933
0.1, 0.0, 1260, 4.9152774235
0.1, 0.0, 1280, 4.91332027762
0.1, 0.0, 1300, 4.91128300414
0.1, 0.0, 1320, 4.90916022823
0.1, 0.0, 1340, 4.90694640611
0.1, 0.0, 1360, 4.9046358254
0.1, 0.0, 1380, 4.90222259349
0.1, 0.0, 1400, 4.89970060968
0.1, 0.0, 1420, 4.89706351733
0.1, 0.0, 1440, 4.89430463331
0.1, 0.0, 1460, 4.89141685376
0.1, 0.0, 1480, 4.88839253711
0.1, 0.0, 1500, 4.88522336759
0.1, 0.0, 1520, 4.88190020466
0.1, 0.0, 1540, 4.87841292504
0.1, 0.0, 1560, 4.87475026535
0.1, 0.0, 1580, 4.87089967325
0.1, 0.0, 1600, 4.86684717487
0.1, 0.0, 1620, 4.86257726537
0.1, 0.0, 1640, 4.85807282905
0.1, 0.0, 1660, 4.85331509421
0.1, 0.0, 1680, 4.84828362786
0.1, 0.0, 1700, 4.84295637453
0.1, 0.0, 1720, 4.83730974267
0.1, 0.0, 1740, 4.83131874134
0.1, 0.0, 1760, 4.82495716714
0.1, 0.0, 1780, 4.81819783889
0.1, 0.0, 1800, 4.81101287267
0.1, 0.0, 1820, 4.80337398433
0.1, 0.0, 1840, 4.79525280006
0.1, 0.0, 1860, 4.78662114891
0.1, 0.0, 1880, 4.7774513051
0.1, 0.0, 1900, 4.76771614364
0.1, 0.0, 1920, 4.75738917092
0.1, 0.0, 1940, 4.74644439287
0.1, 0.0, 1960, 4.73485598684
0.1, 0.0, 1980, 4.72259774956
0.1, 0.0, 2000, 4.70964230211
0.1, 0.0, 2020, 4.69596004663
0.1, 0.0, 2040, 4.68151789208
0.1, 0.0, 2060, 4.66627780343
0.1, 0.0, 2080, 4.65019528411
0.1, 0.0, 2100, 4.6332179728
0.1, 0.0, 2120, 4.61528461244
0.1, 0.0, 2140, 4.59632471362
0.1, 0.0, 2160, 4.57625926274
0.1, 0.0, 2180, 4.55500278898
0.1, 0.0, 2200, 4.53246696786
0.1, 0.0, 2220, 4.50856566518
0.1, 0.0, 2240, 4.48322091185
0.1, 0.0, 2260, 4.45636883989
0.1, 0.0, 2280, 4.4279643209
0.1, 0.0, 2300, 4.39798318329
0.1, 0.0, 2320, 4.36642151834
0.1, 0.0, 2340, 4.3332924612
0.1, 0.0, 2360, 4.298621482
0.1, 0.0, 2380, 4.26244132345
0.1, 0.0, 2400, 4.22478734922
0.1, 0.0, 2420, 4.18569360119
0.1, 0.0, 2440, 4.14518965639
0.1, 0.0, 2460, 4.10329850761
0.1, 0.0, 2480, 4.06003597338
0.1, 0.0, 2500, 4.01541229928
0.1, 0.0, 2520, 3.96943650115
0.1, 0.0, 2540, 3.92212364994
0.1, 0.0, 2560, 3.87350471843
0.1, 0.0, 2580, 3.82363765449
0.1, 0.0, 2600, 3.77261703991
0.1, 0.0, 2620, 3.72057877775
0.1, 0.0, 2640, 3.66769694561
0.1, 0.0, 2660, 3.61417270264
0.1, 0.0, 2680, 3.56021871098
0.1, 0.0, 2700, 3.50604470191
0.1, 0.0, 2720, 3.45184905696
0.1, 0.0, 2740, 3.39781790844
0.1, 0.0, 2760, 3.34412921651
0.1, 0.0, 2780, 3.29095685658
0.1, 0.0, 2800, 3.23847028099
0.1, 0.0, 2820, 3.18682832829
0.1, 0.0, 2840, 3.13616922884
0.1, 0.0, 2860, 3.08660066871
0.1, 0.0, 2880, 3.03819322527
0.1, 0.0, 2900, 2.9909785275
0.1, 0.0, 2920, 2.9449516038
0.1, 0.0, 2940, 2.90007591783
0.1, 0.0, 2960, 2.85628956044
0.1, 0.0, 2980, 2.81351153265
0.1, 0.0, 3000, 2.77164761171
0.1, 0.0, 3020, 2.73059571398
0.1, 0.0, 3040, 2.69025088406
0.1, 0.0, 3060, 2.65051005334
0.1, 0.0, 3080, 2.61127655097
0.1, 0.0, 3100, 2.57246406888
0.1, 0.0, 3120, 2.53399946696
0.1, 0.0, 3140, 2.49582358545
0.1, 0.0, 3160, 2.45788925584
0.1, 0.0, 3180, 2.42015606408
0.1, 0.0, 3200, 2.38258210209
0.1, 0.0, 3220, 2.34511380258
0.1, 0.0, 3240, 2.30767580173
0.1, 0.0, 3260, 2.27016348975
0.1, 0.0, 3280, 2.23244141677
0.1, 0.0, 3300, 2.19435082405
0.1, 0.0, 3320, 2.15572872261
0.1, 0.0, 3340, 2.11643839064
0.1, 0.0, 3360, 2.07640673934
0.1, 0.0, 3380, 2.03565907431
0.1, 0.0, 3400, 1.99433898962
0.1, 0.0, 3420, 1.95270282354
0.1, 0.0, 3440, 1.91108541773
0.1, 0.0, 3460, 1.86984574172
0.1, 0.0, 3480, 1.82931110404
0.1, 0.0, 3500, 1.78973845856
0.1, 0.0, 3520, 1.75130015423
0.1, 0.0, 3540, 1.71408925205
0.1, 0.0, 3560, 1.67813464944
0.1, 0.0, 3580, 1.64341814496
0.1, 0.0, 3600, 1.60988945927
0.1, 0.0, 3620, 1.57747806113
0.1, 0.0, 3640, 1.54610198042
0.1, 0.0, 3660, 1.51567419785
0.1, 0.0, 3680, 1.48610721533
0.1, 0.0, 3700, 1.45731630084
0.1, 0.0, 3720, 1.42922176943
0.1, 0.0, 3740, 1.40175054739
0.1, 0.0, 3760, 1.3748371807
0.1, 0.0, 3780, 1.3484243945
0.1, 0.0, 3800, 1.32246328007
0.1, 0.0, 3820, 1.29691317085
0.1, 0.0, 3840, 1.27174126109
0.1, 0.0, 3860, 1.24692201288
0.1, 0.0, 3880, 1.22243638812
0.1, 0.0, 3900, 1.19827093158
0.1, 0.0, 3920, 1.17441672426
0.1, 0.0, 3940, 1.15086822566
0.1, 0.0, 3960, 1.12762203279
0.1, 0.0, 3980, 1.10467559969
0.1, 0.0, 4000, 1.08202598091
0.1, 0.0, 4020, 1.05966867725
0.1, 0.0, 4040, 1.0375966663
0.1, 0.0, 4060, 1.01579968861
0.1, 0.0, 4080, 0.99426383293
0.1, 0.0, 4100, 0.972971426635
0.1, 0.0, 4120, 0.951901199859
0.1, 0.0, 4140, 0.931028665846
0.1, 0.0, 4160, 0.910326654935
0.1, 0.0, 4180, 0.889765958484
0.1, 0.0, 4200, 0.869316077232
0.1, 0.0, 4220, 0.848946114044
0.1, 0.0, 4240, 0.828625888331
0.1, 0.0, 4260, 0.808327363794
0.1, 0.0, 4280, 0.788026462644
0.1, 0.0, 4300, 0.767705284395
0.1, 0.0, 4320, 0.747354657995
0.1, 0.0, 4340, 0.726976839612
0.1, 0.0, 4360, 0.706588038407
0.1, 0.0, 4380, 0.686220333541
0.1, 0.0, 4400, 0.665922477497
0.1, 0.0, 4420, 0.645759116512
0.1, 0.0, 4440, 0.62580814416
0.1, 0.0, 4460, 0.606156241867
0.1, 0.0, 4480, 0.586893079653
0.1, 0.0, 4500, 0.56810501225
0.1, 0.0, 4520, 0.549869261357
0.1, 0.0, 4540, 0.532249449807
0.1, 0.0, 4560, 0.515292996623
0.1, 0.0, 4580, 0.499030438192
0.1, 0.0, 4600, 0.483476368241
0.1, 0.0, 4620, 0.468631483397
0.1, 0.0, 4640, 0.454485190259
0.1, 0.0, 4660, 0.441018321457
0.1, 0.0, 4680, 0.428205652277
0.1, 0.0, 4700, 0.416018050967
0.1, 0.0, 4720, 0.404424205697
0.1, 0.0, 4740, 0.393391942083
0.1, 0.0, 4760, 0.382889182627
0.1, 0.0, 4780, 0.372884613118
0.1, 0.0, 4800, 0.363348120602
0.1, 0.0, 4820, 0.354251059876
0.1, 0.0, 4840, 0.345566395383
0.1, 0.0, 4860, 0.3372687552
0.1, 0.0, 4880, 0.32933442496
0.1, 0.0, 4900, 0.321741302223
0.1, 0.0, 4920, 0.314468826112
0.1, 0.0, 4940, 0.307497892708
0.1, 0.0, 4960, 0.300810763465
0.1, 0.0, 4980, 0.294390971609
0.1, 0.0, 5000, 0.288223229765
0.1, 0.0, 5020, 0.282293340918
0.1, 0.0, 5040, 0.276588113919
0.1, 0.0, 5060, 0.27109528425
0.1, 0.0, 5080, 0.265803440291
0.1, 0.0, 5100, 0.260701955148
0.1, 0.0, 5120, 0.255780923869
0.1, 0.0, 5140, 0.251031105817
0.1, 0.0, 5160, 0.246443871895
0.1, 0.0, 5180, 0.242011156274
0.1, 0.0, 5200, 0.237725412292
0.1, 0.0, 5220, 0.233579572183
0.1, 0.0, 5240, 0.229567010306
0.1, 0.0, 5260, 0.225681509569
0.1, 0.0, 5280, 0.221917230764
0.1, 0.0, 5300, 0.218268684536
0.1, 0.0, 5320, 0.214730705764
0.1, 0.0, 5340, 0.211298430104
0.1, 0.0, 5360, 0.207967272519
0.1, 0.0, 5380, 0.204732907592
0.1, 0.0, 5400, 0.20159125147
0.2, 0.0, 20, 5.01943050019
0.2, 0.0, 40, 4.98710496012
0.2, 0.0, 60, 4.9783859478
0.2, 0.0, 80, 4.97441717747
0.2, 0.0, 100, 4.97203059215
0.2, 0.0, 120, 4.97029543681
0.2, 0.0, 140, 4.96885189699
0.2, 0.0, 160, 4.96753453204
0.2, 0.0, 180, 4.96625700874
0.2, 0.0, 200, 4.96496949245
0.2, 0.0, 220, 4.96364078367
0.2, 0.0, 240, 4.96225019577
0.2, 0.0, 260, 4.9607837031
0.2, 0.0, 280, 4.9592320925
0.2, 0.0, 300, 4.95759004593
0.2, 0.0, 320, 4.95585557007
0.2, 0.0, 340, 4.95402942475
0.2, 0.0, 360, 4.95211436469
0.2, 0.0, 380, 4.95011415547
0.2, 0.0, 400, 4.94803244872
0.2, 0.0, 420, 4.94587166985
0.2, 0.0, 440, 4.94363206509
0.2, 0.0, 460, 4.94131098931
0.2, 0.0, 480, 4.93890243649
0.2, 0.0, 500, 4.93639675687
0.2, 0.0, 520, 4.93378048702
0.2, 0.0, 540, 4.93103623282
0.2, 0.0, 560, 4.92814257933
0.2, 0.0, 580, 4.92507404152
0.2, 0.0, 600, 4.92180110845
0.2, 0.0, 620, 4.91829045935
0.2, 0.0, 640, 4.91450542338
0.2, 0.0, 660, 4.91040668648
0.2, 0.0, 680, 4.90595309233
0.2, 0.0, 700, 4.90110215089
0.2, 0.0, 720, 4.89580965374
0.2, 0.0, 740, 4.89002777828
0.2, 0.0, 760, 4.88370138337
0.2, 0.0, 780, 4.87676278104
0.2, 0.0, 800, 4.86912578662
0.2, 0.0, 820, 4.86067998509
0.2, 0.0, 840, 4.85128589266
0.2, 0.0, 860, 4.84077132444
0.2, 0.0, 880, 4.82892908948
0.2, 0.0, 900, 4.81551621629
0.2, 0.0, 920, 4.80025523911
0.2, 0.0, 940, 4.78283874083
0.2, 0.0, 960, 4.76293969146
0.2, 0.0, 980, 4.74023201936
0.2, 0.0, 1000, 4.71442481235
0.2, 0.0, 1020, 4.68529964497
0.2, 0.0, 1040, 4.6527110385
0.2, 0.0, 1060, 4.61650714972
0.2, 0.0, 1080, 4.57640376874
0.2, 0.0, 1100, 4.53192103428
0.2, 0.0, 1120, 4.48244235818
0.2, 0.0, 1140, 4.42733816706
0.2, 0.0, 1160, 4.36604644019
0.2, 0.0, 1180, 4.29806902783
0.2, 0.0, 1200, 4.22296427189
0.2, 0.0, 1220, 4.14041479872
0.2, 0.0, 1240, 4.05031641313
0.2, 0.0, 1260, 3.95282854669
0.2, 0.0, 1280, 3.84844952128
0.2, 0.0, 1300, 3.73813931854
0.2, 0.0, 1320, 3.62339462235
0.2, 0.0, 1340, 3.50619145034
0.2, 0.0, 1360, 3.38877281682
0.2, 0.0, 1380, 3.27327718994
0.2, 0.0, 1400, 3.16129834546
0.2, 0.0, 1420, 3.05363065599
0.2, 0.0, 1440, 2.95035613556
0.2, 0.0, 1460, 2.8511639291
0.2, 0.0, 1480, 2.75570415233
0.2, 0.0, 1500, 2.66383357754
0.2, 0.0, 1520, 2.57567262369
0.2, 0.0, 1540, 2.49147895274
0.2, 0.0, 1560, 2.41143815993
0.2, 0.0, 1580, 2.33547398065
0.2, 0.0, 1600, 2.26310518488
0.2, 0.0, 1620, 2.1933307864
0.2, 0.0, 1640, 2.12456540304
0.2, 0.0, 1660, 2.05481510927
0.2, 0.0, 1680, 1.98246433388
0.2, 0.0, 1700, 1.90747788697
0.2, 0.0, 1720, 1.83154473342
0.2, 0.0, 1740, 1.75676069457
0.2, 0.0, 1760, 1.68459138087
0.2, 0.0, 1780, 1.61575334365
0.2, 0.0, 1800, 1.55041615151
0.2, 0.0, 1820, 1.48839629359
0.2, 0.0, 1840, 1.42931026174
0.2, 0.0, 1860, 1.3726942832
0.2, 0.0, 1880, 1.31808841019
0.2, 0.0, 1900, 1.26508393682
0.2, 0.0, 1920, 1.21334050802
0.2, 0.0, 1940, 1.16258423279
0.2, 0.0, 1960, 1.11259760343
0.2, 0.0, 1980, 1.06320817029
0.2, 0.0, 2000, 1.01427942969
0.2, 0.0, 2020, 0.965705477254
0.2, 0.0, 2040, 0.917410169131
0.2, 0.0, 2060, 0.869353122747
0.2, 0.0, 2080, 0.821549552633
0.2, 0.0, 2100, 0.77411160811
0.2, 0.0, 2120, 0.727304439083
0.2, 0.0, 2140, 0.681582781684
0.2, 0.0, 2160, 0.637558834011
0.2, 0.0, 2180, 0.595881940333
0.2, 0.0, 2200, 0.557079100745
0.2, 0.0, 2220, 0.521444739141
0.2, 0.0, 2240, 0.489027523847
0.2, 0.0, 2260, 0.459690069902
0.2, 0.0, 2280, 0.433188680463
0.2, 0.0, 2300, 0.409238017784
0.2, 0.0, 2320, 0.387551561881
0.2, 0.0, 2340, 0.367862354759
0.2, 0.0, 2360, 0.349931306963
0.2, 0.0, 2380, 0.333548761632
0.2, 0.0, 2400, 0.318532843654
0.2, 0.0, 2420, 0.304726528562
0.2, 0.0, 2440, 0.291994406434
0.2, 0.0, 2460, 0.280219591419
0.2, 0.0, 2480, 0.269300957088
0.2, 0.0, 2500, 0.259150745275
0.2, 0.0, 2520, 0.249692535256
0.2, 0.0, 2540, 0.240859535562
0.2, 0.0, 2560, 0.232593153731
0.2, 0.0, 2580, 0.224841800512
0.2, 0.0, 2600, 0.21755988952
0.2, 0.0, 2620, 0.210706998839
0.2, 0.0, 2640, 0.204247166449
0.3, 0.0, 20, 4.99699941499
0.3, 0.0, 40, 4.97846441207
0.3, 0.0, 60, 4.97320094393
0.3, 0.0, 80, 4.97040122631
0.3, 0.0, 100, 4.96829865606
0.3, 0.0, 120, 4.96638040445
0.3, 0.0, 140, 4.96444444633
0.3, 0.0, 160, 4.96239259114
0.3, 0.0, 180, 4.96017061835
0.3, 0.0, 200, 4.95774883208
0.3, 0.0, 220, 4.9551153182
0.3, 0.0, 240, 4.9522719647
0.3, 0.0, 260, 4.94922897489
0.3, 0.0, 280, 4.94599710025
0.3, 0.0, 300, 4.94257934443
0.3, 0.0, 320, 4.93896439203
0.3, 0.0, 340, 4.93512265296
0.3, 0.0, 360, 4.93100431376
0.3, 0.0, 380, 4.92653843216
0.3, 0.0, 400, 4.92163282581
0.3, 0.0, 420, 4.91617556421
0.3, 0.0, 440, 4.91003931657
0.3, 0.0, 460, 4.90308815794
0.3, 0.0, 480, 4.89518157355
0.3, 0.0, 500, 4.88616524348
0.3, 0.0, 520, 4.87584080319
0.3, 0.0, 540, 4.86391914771
0.3, 0.0, 560, 4.84997059401
0.3, 0.0, 580, 4.83338057395
0.3, 0.0, 600, 4.81331451835
0.3, 0.0, 620, 4.78871601441
0.3, 0.0, 640, 4.75843470158
0.3, 0.0, 660, 4.72162096865
0.3, 0.0, 680, 4.67807120326
0.3, 0.0, 700, 4.62762780881
0.3, 0.0, 720, 4.56912473396
0.3, 0.0, 740, 4.50028466254
0.3, 0.0, 760, 4.41844243149
0.3, 0.0, 780, 4.32123272053
0.3, 0.0, 800, 4.20655748001
0.3, 0.0, 820, 4.07278387417
0.3, 0.0, 840, 3.91992496264
0.3, 0.0, 860, 3.75029002708
0.3, 0.0, 880, 3.56830678073
0.3, 0.0, 900, 3.38049852239
0.3, 0.0, 920, 3.1940881173
0.3, 0.0, 940, 3.01430207412
0.3, 0.0, 960, 2.84433835429
0.3, 0.0, 980, 2.68696349025
0.3, 0.0, 1000, 2.54416283954
0.3, 0.0, 1020, 2.41626053543
0.3, 0.0, 1040, 2.30204017203
0.3, 0.0, 1060, 2.19893298483
0.3, 0.0, 1080, 2.10280575102
0.3, 0.0, 1100, 2.00775217791
0.3, 0.0, 1120, 1.90806341681
0.3, 0.0, 1140, 1.80384866608
0.3, 0.0, 1160, 1.70080146408
0.3, 0.0, 1180, 1.60286835833
0.3, 0.0, 1200, 1.51071691571
0.3, 0.0, 1220, 1.42340712882
0.3, 0.0, 1240, 1.33942234682
0.3, 0.0, 1260, 1.25716473343
0.3, 0.0, 1280, 1.17523171741
0.3, 0.0, 1300, 1.09261987115
0.3, 0.0, 1320, 1.00893127199
0.3, 0.0, 1340, 0.924533993009
0.3, 0.0, 1360, 0.840613847824
0.3, 0.0, 1380, 0.75913252249
0.3, 0.0, 1400, 0.682540141558
0.3, 0.0, 1420, 0.613057997184
0.3, 0.0, 1440, 0.551901211028
0.3, 0.0, 1460, 0.499081965237
0.3, 0.0, 1480, 0.453814480783
0.3, 0.0, 1500, 0.415019810729
0.3, 0.0, 1520, 0.381632777921
0.3, 0.0, 1540, 0.35272328334
0.3, 0.0, 1560, 0.327520486507
0.3, 0.0, 1580, 0.305399127805
0.3, 0.0, 1600, 0.285855457041
0.3, 0.0, 1620, 0.268483354131
0.3, 0.0, 1640, 0.252953950949
0.3, 0.0, 1660, 0.238999254126
0.3, 0.0, 1680, 0.226399320809
0.3, 0.0, 1700, 0.214972317357
0.3, 0.0, 1720, 0.204566827077
0.4, 0.0, 20, 4.98716789531
0.4, 0.0, 40, 4.97453977027
0.4, 0.0, 60, 4.970440848
0.4, 0.0, 80, 4.96769258986
0.4, 0.0, 100, 4.96513625558
0.4, 0.0, 120, 4.96242207852
0.4, 0.0, 140, 4.95940156559
0.4, 0.0, 160, 4.95600721961
0.4, 0.0, 180, 4.95222357393
0.4, 0.0, 200, 4.94806867561
0.4, 0.0, 220, 4.9435641169
0.4, 0.0, 240, 4.93870032557
0.4, 0.0, 260, 4.93341193864
0.4, 0.0, 280, 4.92756664024
0.4, 0.0, 300, 4.92096245581
0.4, 0.0, 320, 4.91333356704
0.4, 0.0, 340, 4.90437078323
0.4, 0.0, 360, 4.89374576181
0.4, 0.0, 380, 4.88108199769
0.4, 0.0, 400, 4.86581237668
0.4, 0.0, 420, 4.84695179217
0.4, 0.0, 440, 4.82286483253
0.4, 0.0, 460, 4.79118374449
0.4, 0.0, 480, 4.74955094605
0.4, 0.0, 500, 4.697259584
0.4, 0.0, 520, 4.63389324169
0.4, 0.0, 540, 4.55633494262
0.4, 0.0, 560, 4.45957820573
0.4, 0.0, 580, 4.33756776305
0.4, 0.0, 600, 4.18326762634
0.4, 0.0, 620, 3.99191736372
0.4, 0.0, 640, 3.76588985968
0.4, 0.0, 660, 3.51511530264
0.4, 0.0, 680, 3.25563526047
0.4, 0.0, 700, 3.00476944586
0.4, 0.0, 720, 2.77560886435
0.4, 0.0, 740, 2.5743355442
0.4, 0.0, 760, 2.40130727753
0.4, 0.0, 780, 2.25352200233
0.4, 0.0, 800, 2.12477229929
0.4, 0.0, 820, 2.0049674706
0.4, 0.0, 840, 1.88174011269
0.4, 0.0, 860, 1.75152784534
0.4, 0.0, 880, 1.6236638213
0.4, 0.0, 900, 1.50309667891
0.4, 0.0, 920, 1.3876713702
0.4, 0.0, 940, 1.27282036563
0.4, 0.0, 960, 1.15421260525
0.4, 0.0, 980, 1.03057694237
0.4, 0.0, 1000, 0.905163171511
0.4, 0.0, 1020, 0.784639455108
0.4, 0.0, 1040, 0.676038312001
0.4, 0.0, 1060, 0.583425988774
0.4, 0.0, 1080, 0.507080302775
0.4, 0.0, 1100, 0.444935761501
0.4, 0.0, 1120, 0.394306438184
0.4, 0.0, 1140, 0.352748287238
0.4, 0.0, 1160, 0.318286385483
0.4, 0.0, 1180, 0.289394520401
0.4, 0.0, 1200, 0.264910540509
0.4, 0.0, 1220, 0.243950553136
0.4, 0.0, 1240, 0.225838666255
0.4, 0.0, 1260, 0.210053593928
0.5, 0.0, 20, 4.98178852762
0.5, 0.0, 40, 4.97215691895
0.5, 0.0, 60, 4.96832808746
0.5, 0.0, 80, 4.96511369312
0.5, 0.0, 100, 4.96165578222
0.5, 0.0, 120, 4.95767446359
0.5, 0.0, 140, 4.95307079359
0.5, 0.0, 160, 4.94785251115
0.5, 0.0, 180, 4.94205866802
0.5, 0.0, 200, 4.93565400528
0.5, 0.0, 220, 4.92845361895
0.5, 0.0, 240, 4.9200980742
0.5, 0.0, 260, 4.91006829086
0.5, 0.0, 280, 4.8977471042
0.5, 0.0, 300, 4.88243456878
0.5, 0.0, 320, 4.86303743649
0.5, 0.0, 340, 4.83736512652
0.5, 0.0, 360, 4.80152284121
0.5, 0.0, 380, 4.7513919828
0.5, 0.0, 400, 4.68602867345
0.5, 0.0, 420, 4.60315672224
0.5, 0.0, 440, 4.49619552952
0.5, 0.0, 460, 4.35400897445
0.5, 0.0, 480, 4.16135178325
0.5, 0.0, 500, 3.90889604893
0.5, 0.0, 520, 3.60551691935
0.5, 0.0, 540, 3.27919234017
0.5, 0.0, 560, 2.9674864973
0.5, 0.0, 580, 2.69299928405
0.5, 0.0, 600, 2.46031252546
0.5, 0.0, 620, 2.26720745359
0.5, 0.0, 640, 2.10506289993
0.5, 0.0, 660, 1.95678630344
0.5, 0.0, 680, 1.80383861755
0.5, 0.0, 700, 1.64770905345
0.5, 0.0, 720, 1.49706068025
0.5, 0.0, 740, 1.34703299707
0.5, 0.0, 760, 1.18941506253
0.5, 0.0, 780, 1.02427918261
0.5, 0.0, 800, 0.86294619986
0.5, 0.0, 820, 0.718015402649
0.5, 0.0, 840, 0.596710733859
0.5, 0.0, 860, 0.500141271094
0.5, 0.0, 880, 0.424852563575
0.5, 0.0, 900, 0.366206965826
0.5, 0.0, 920, 0.320089782944
0.5, 0.0, 940, 0.283304839063
0.5, 0.0, 960, 0.253498227851
0.5, 0.0, 980, 0.228969183128
0.5, 0.0, 1000, 0.208490604851
0.6, 0.0, 20, 4.97841219858
0.6, 0.0, 40, 4.97038690151
0.6, 0.0, 60, 4.96634441846
0.6, 0.0, 80, 4.96229722985
0.6, 0.0, 100, 4.95754072446
0.6, 0.0, 120, 4.95186479397
0.6, 0.0, 140, 4.94528064556
0.6, 0.0, 160, 4.93782338822
0.6, 0.0, 180, 4.92929909403
0.6, 0.0, 200, 4.919154285
0.6, 0.0, 220, 4.90649543297
0.6, 0.0, 240, 4.89021656687
0.6, 0.0, 260, 4.86879571792
0.6, 0.0, 280, 4.83897419522
0.6, 0.0, 300, 4.79441496348
0.6, 0.0, 320, 4.73002990221
0.6, 0.0, 340, 4.6442903603
0.6, 0.0, 360, 4.53037409297
0.6, 0.0, 380, 4.37216762438
0.6, 0.0, 400, 4.14373271643
0.6, 0.0, 420, 3.82908628869
0.6, 0.0, 440, 3.44962786774
0.6, 0.0, 460, 3.06798356922
0.6, 0.0, 480, 2.73203126074
0.6, 0.0, 500, 2.4512916863
0.6, 0.0, 520, 2.22248830378
0.6, 0.0, 540, 2.03112026586
0.6, 0.0, 560, 1.84856254181
0.6, 0.0, 580, 1.66334701169
0.6, 0.0, 600, 1.48115278448
0.6, 0.0, 620, 1.28802206082
0.6, 0.0, 640, 1.08147728024
0.6, 0.0, 660, 0.884624381785
0.6, 0.0, 680, 0.713328419033
0.6, 0.0, 700, 0.573896285756
0.6, 0.0, 720, 0.46714573713
0.6, 0.0, 740, 0.387516934666
0.6, 0.0, 760, 0.328061089914
0.6, 0.0, 780, 0.282951403894
0.6, 0.0, 800, 0.24796919713
0.6, 0.0, 820, 0.220225324112
0.7, 0.0, 20, 4.97607523737
0.7, 0.0, 40, 4.96887370826
0.7, 0.0, 60, 4.96428441621
0.7, 0.0, 80, 4.95907601278
0.7, 0.0, 100, 4.95264733672
0.7, 0.0, 120, 4.94492639734
0.7, 0.0, 140, 4.93595632221
0.7, 0.0, 160, 4.92536037659
0.7, 0.0, 180, 4.91208062044
0.7, 0.0, 200, 4.89450170033
0.7, 0.0, 220, 4.87037538468
0.7, 0.0, 240, 4.83466357929
0.7, 0.0, 260, 4.77792702131
0.7, 0.0, 280, 4.69532854624
0.7, 0.0, 300, 4.58212690011
0.7, 0.0, 320, 4.42095426422
0.7, 0.0, 340, 4.17524540605
0.7, 0.0, 360, 3.81425201341
0.7, 0.0, 380, 3.37123248666
0.7, 0.0, 400, 2.94465229805
0.7, 0.0, 420, 2.58321095195
0.7, 0.0, 440, 2.28958619105
0.7, 0.0, 460, 2.04882884822
0.7, 0.0, 480, 1.82581250205
0.7, 0.0, 500, 1.6080910012
0.7, 0.0, 520, 1.38483750065
0.7, 0.0, 540, 1.13606926394
0.7, 0.0, 560, 0.903212564537
0.7, 0.0, 580, 0.7047508678
0.7, 0.0, 600, 0.545779069933
0.7, 0.0, 620, 0.428516047612
0.7, 0.0, 640, 0.345753594584
0.7, 0.0, 660, 0.287242432311
0.7, 0.0, 680, 0.24469790322
0.7, 0.0, 700, 0.212679724413
0.8, 0.0, 20, 4.97433186793
0.8, 0.0, 40, 4.96745719046
0.8, 0.0, 60, 4.96204853093
0.8, 0.0, 80, 4.95536314617
0.8, 0.0, 100, 4.94693876148
0.8, 0.0, 120, 4.93682328343
0.8, 0.0, 140, 4.92460329841
0.8, 0.0, 160, 4.90873324927
0.8, 0.0, 180, 4.88667990796
0.8, 0.0, 200, 4.85398201879
0.8, 0.0, 220, 4.79983768505
0.8, 0.0, 240, 4.71473011051
0.8, 0.0, 260, 4.59339619714
0.8, 0.0, 280, 4.41327937473
0.8, 0.0, 300, 4.12265638369
0.8, 0.0, 320, 3.68496536667
0.8, 0.0, 340, 3.1830155393
0.8, 0.0, 360, 2.7332876663
0.8, 0.0, 380, 2.36792380664
0.8, 0.0, 400, 2.06839395888
0.8, 0.0, 420, 1.7964043928
0.8, 0.0, 440, 1.54099078889
0.8, 0.0, 460, 1.26193213579
0.8, 0.0, 480, 0.983120281147
0.8, 0.0, 500, 0.746483924983
0.8, 0.0, 520, 0.553877298848
0.8, 0.0, 540, 0.414400619492
0.8, 0.0, 560, 0.322355774242
0.8, 0.0, 580, 0.261624958291
0.8, 0.0, 600, 0.219577363853
0.9, 0.0, 20, 4.9729511602
0.9, 0.0, 40, 4.96605578464
0.9, 0.0, 60, 4.95957998002
0.9, 0.0, 80, 4.95112070312
0.9, 0.0, 100, 4.94041460498
0.9, 0.0, 120, 4.92727472772
0.9, 0.0, 140, 4.90997883406
0.9, 0.0, 160, 4.88505984983
0.9, 0.0, 180, 4.84562427038
0.9, 0.0, 200, 4.77642647773
0.9, 0.0, 220, 4.66856486497
0.9, 0.0, 240, 4.50818701808
0.9, 0.0, 260, 4.2435752551
0.9, 0.0, 280, 3.80471354839
0.9, 0.0, 300, 3.25329647523
0.9, 0.0, 320, 2.74195589845
0.9, 0.0, 340, 2.32812030195
0.9, 0.0, 360, 1.97625129826
0.9, 0.0, 380, 1.66015850761
0.9, 0.0, 400, 1.35025778754
0.9, 0.0, 420, 1.03317504232
0.9, 0.0, 440, 0.763163611657
0.9, 0.0, 460, 0.541749533566
0.9, 0.0, 480, 0.387215557116
0.9, 0.0, 500, 0.293204531625
0.9, 0.0, 520, 0.234728039899
