0.1, 0.0, 20, 0.506740008559
0.1, 0.0, 40, 0.500060424093
0.1, 0.0, 60, 0.498888838731
0.1, 0.0, 80, 0.49865519271
0.1, 0.0, 100, 0.498578065208
0.1, 0.0, 120, 0.498526671406
0.1, 0.0, 140, 0.498478746253
0.1, 0.0, 160, 0.498430284416
0.1, 0.0, 180, 0.49838045046
0.1, 0.0, 200, 0.49832899768
0.1, 0.0, 220, 0.498275802225
0.1, 0.0, 240, 0.498220769334
0.1, 0.0, 260, 0.4981638108
0.1, 0.0, 280, 0.498104838273
0.1, 0.0, 300, 0.498043760849
0.1, 0.0, 320, 0.497980484044
0.1, 0.0, 340, 0.497914909268
0.1, 0.0, 360, 0.497846933497
0.1, 0.0, 380, 0.497776449007
0.1, 0.0, 400, 0.497703343135
0.1, 0.0, 420, 0.497627498047
0.1, 0.0, 440, 0.497548790498
0.1, 0.0, 460, 0.497467091588
0.1, 0.0, 480, 0.497382266509
0.1, 0.0, 500, 0.497294174284
0.1, 0.0, 520, 0.497202667491
0.1, 0.0, 540, 0.497107591993
0.1, 0.0, 560, 0.497008786636
0.1, 0.0, 580, 0.496906082958
0.1, 0.0, 600, 0.496799304875
0.1, 0.0, 620, 0.496688268365
0.1, 0.0, 640, 0.496572781133
0.1, 0.0, 660, 0.496452642277
0.1, 0.0, 680, 0.496327641932
0.1, 0.0, 700, 0.496197560916
0.1, 0.0, 720, 0.496062170354
0.1, 0.0, 740, 0.495921231298
0.1, 0.0, 760, 0.495774494336
0.1, 0.0, 780, 0.495621699186
0.1, 0.0, 800, 0.495462574287
0.1, 0.0, 820, 0.495296836368
0.1, 0.0, 840, 0.495124190013
0.1, 0.0, 860, 0.494944327218
0.1, 0.0, 880, 0.494756926925
0.1, 0.0, 900, 0.49456165455
0.1, 0.0, 920, 0.494358161505
0.1, 0.0, 940, 0.494146084695
0.1, 0.0, 960, 0.493925046011
0.1, 0.0, 980, 0.493694651804
0.1, 0.0, 1000, 0.493454492353
0.1, 0.0, 1020, 0.493204141311
0.1, 0.0, 1040, 0.492943155141
0.1, 0.0, 1060, 0.492671072538
0.1, 0.0, 1080, 0.492387413834
0.1, 0.0, 1100, 0.492091680397
0.1, 0.0, 1120, 0.491783354006
0.1, 0.0, 1140, 0.491461896222
0.1, 0.0, 1160, 0.491126747744
0.1, 0.0, 1180, 0.490777327761
0.1, 0.0, 1200, 0.490413033289
0.1, 0.0, 1220, 0.490033238517
0.1, 0.0, 1240, 0.489637294143
0.1, 0.0, 1260, 0.489224526727
0.1, 0.0, 1280, 0.488794238052
0.1, 0.0, 1300, 0.488345704508
0.1, 0.0, 1320, 0.487878176519
0.1, 0.0, 1340, 0.487390877998
0.1, 0.0, 1360, 0.486883005879
0.1, 0.0, 1380, 0.486353729719
0.1, 0.0, 1400, 0.485802191393
0.1, 0.0, 1420, 0.48522750492
0.1, 0.0, 1440, 0.484628756424
0.1, 0.0, 1460, 0.484005004282
0.1, 0.0, 1480, 0.483355279467
0.1, 0.0, 1500, 0.482678586149
0.1, 0.0, 1520, 0.481973902576
0.1, 0.0, 1540, 0.481240182285
0.1, 0.0, 1560, 0.480476355687
0.1, 0.0, 1580, 0.479681332082
0.1, 0.0, 1600, 0.478854002149
0.1, 0.0, 1620, 0.477993240969
0.1, 0.0, 1640, 0.477097911635
0.1, 0.0, 1660, 0.476166869493
0.1, 0.0, 1680, 0.475198967078
0.1, 0.0, 1700, 0.474193059779
0.1, 0.0, 1720, 0.473148012279
0.1, 0.0, 1740, 0.472062705789
0.1, 0.0, 1760, 0.470936046099
0.1, 0.0, 1780, 0.469766972449
0.1, 0.0, 1800, 0.468554467184
0.1, 0.0, 1820, 0.467297566171
0.1, 0.0, 1840, 0.465995369891
0.1, 0.0, 1860, 0.464647055121
0.1, 0.0, 1880, 0.463251887066
0.1, 0.0, 1900, 0.461809231785
0.1, 0.0, 1920, 0.460318568711
0.1, 0.0, 1940, 0.45877950303
0.1, 0.0, 1960, 0.457191777661
0.1, 0.0, 1980, 0.455555284555
0.1, 0.0, 2000, 0.453870074982
0.1, 0.0, 2020, 0.452136368511
0.1, 0.0, 2040, 0.450354560326
0.1, 0.0, 2060, 0.448525226591
0.1, 0.0, 2080, 0.446649127528
0.1, 0.0, 2100, 0.444727207975
0.1, 0.0, 2120, 0.442760595182
0.1, 0.0, 2140, 0.440750593684
0.1, 0.0, 2160, 0.438698677152
0.1, 0.0, 2180, 0.436606477207
0.1, 0.0, 2200, 0.434475769242
0.1, 0.0, 2220, 0.432308455393
0.1, 0.0, 2240, 0.430106544876
0.1, 0.0, 2260, 0.427872131976
0.1, 0.0, 2280, 0.425607372034
0.1, 0.0, 2300, 0.423314455841
0.1, 0.0, 2320, 0.42099558287
0.1, 0.0, 2340, 0.418652933808
0.1, 0.0, 2360, 0.41628864285
0.1, 0.0, 2380, 0.413904770211
0.1, 0.0, 2400, 0.411503275279
0.1, 0.0, 2420, 0.409085990801
0.1, 0.0, 2440, 0.406654598455
0.1, 0.0, 2460, 0.404210606071
0.1, 0.0, 2480, 0.401755326762
0.1, 0.0, 2500, 0.399289860107
0.1, 0.0, 2520, 0.396815075499
0.1, 0.0, 2540, 0.394331597724
0.1, 0.0, 2560, 0.391839794749
0.1, 0.0, 2580, 0.389339767697
0.1, 0.0, 2600, 0.386831342916
0.1, 0.0, 2620, 0.384314066049
0.1, 0.0, 2640, 0.381787197979
0.1, 0.0, 2660, 0.379249712533
0.1, 0.0, 2680, 0.37670029581
0.1, 0.0, 2700, 0.374137347036
0.1, 0.0, 2720, 0.371558980845
0.1, 0.0, 2740, 0.368963030931
0.1, 0.0, 2760, 0.366347055037
0.1, 0.0, 2780, 0.363708341292
0.1, 0.0, 2800, 0.361043915944
0.1, 0.0, 2820, 0.358350552592
0.1, 0.0, 2840, 0.355624783053
0.1, 0.0, 2860, 0.35286291005
0.1, 0.0, 2880, 0.350061021976
0.1, 0.0, 2900, 0.347215009975
0.1, 0.0, 2920, 0.344320587696
0.1, 0.0, 2940, 0.341373314033
0.1, 0.0, 2960, 0.338368619232
0.1, 0.0, 2980, 0.335301834757
0.1, 0.0, 3000, 0.332168227275
0.1, 0.0, 3020, 0.328963037135
0.1, 0.0, 3040, 0.325681521676
0.1, 0.0, 3060, 0.322319003617
0.1, 0.0, 3080, 0.318870924725
0.1, 0.0, 3100, 0.315332904844
0.1, 0.0, 3120, 0.311700806199
0.1, 0.0, 3140, 0.307970802744
0.1, 0.0, 3160, 0.304139454086
0.1, 0.0, 3180, 0.300203783273
0.1, 0.0, 3200, 0.29616135746
0.1, 0.0, 3220, 0.292010370141
0.1, 0.0, 3240, 0.287749723319
0.1, 0.0, 3260, 0.283379107652
0.1, 0.0, 3280, 0.278899078293
0.1, 0.0, 3300, 0.274311123864
0.1, 0.0, 3320, 0.269617725813
0.1, 0.0, 3340, 0.264822405281
0.1, 0.0, 3360, 0.259929754615
0.1, 0.0, 3380, 0.254945450874
0.1, 0.0, 3400, 0.249876248969
0.1, 0.0, 3420, 0.244729952658
0.1, 0.0, 3440, 0.239515362262
0.1, 0.0, 3460, 0.234242198856
0.1, 0.0, 3480, 0.228921005614
0.1, 0.0, 3500, 0.223563027991
0.1, 0.0, 3520, 0.218180075442
0.1, 0.0, 3540, 0.212784368234
0.1, 0.0, 3560, 0.207388373709
0.1, 0.0, 3580, 0.202004636832
0.1, 0.0, 3600, 0.196645610187
0.1, 0.0, 3620, 0.191323488537
0.1, 0.0, 3640, 0.186050052813
0.1, 0.0, 3660, 0.180836527844
0.1, 0.0, 3680, 0.175693457402
0.1, 0.0, 3700, 0.170630599264
0.1, 0.0, 3720, 0.165656842008
0.1, 0.0, 3740, 0.1607801443
0.1, 0.0, 3760, 0.156007496498
0.1, 0.0, 3780, 0.151344903591
0.1, 0.0, 3800, 0.146797387812
0.1, 0.0, 3820, 0.142369008753
0.1, 0.0, 3840, 0.138062898466
0.1, 0.0, 3860, 0.133881308861
0.1, 0.0, 3880, 0.129825668681
0.1, 0.0, 3900, 0.125896647405
0.1, 0.0, 3920, 0.122094223646
0.1, 0.0, 3940, 0.118417755841
0.1, 0.0, 3960, 0.114866053322
0.1, 0.0, 3980, 0.111437446197
0.1, 0.0, 4000, 0.108129852744
0.1, 0.0, 4020, 0.104940843355
0.1, 0.0, 4040, 0.101867700306
0.1, 0.0, 4060, 0.0989074729075
0.1, 0.0, 4080, 0.0960570277571
0.1, 0.0, 4100, 0.0933130940138
0.1, 0.0, 4120, 0.090672303745
0.1, 0.0, 4140, 0.0881312274964
0.1, 0.0, 4160, 0.0856864053216
0.1, 0.0, 4180, 0.0833343735573
0.1, 0.0, 4200, 0.0810716876675
0.1, 0.0, 4220, 0.0788949414957
0.1, 0.0, 4240, 0.0768007832712
0.1, 0.0, 4260, 0.0747859287077
0.1, 0.0, 4280, 0.0728471715224
0.1, 0.0, 4300, 0.0709813916852
0.1, 0.0, 4320, 0.0691855616861
0.1, 0.0, 4340, 0.0674567510868
0.1, 0.0, 4360, 0.0657921295983
0.1, 0.0, 4380, 0.0641889689029
0.1, 0.0, 4400, 0.0626446434154
0.1, 0.0, 4420, 0.0611566301572
0.1, 0.0, 4440, 0.0597225078952
0.1, 0.0, 4460, 0.0583399556812
0.1, 0.0, 4480, 0.0570067509049
0.1, 0.0, 4500, 0.0557207669647
0.1, 0.0, 4520, 0.0544799706402
0.1, 0.0, 4540, 0.0532824192411
0.1, 0.0, 4560, 0.0521262575965
0.1, 0.0, 4580, 0.0510097149357
0.1, 0.0, 4600, 0.0499311017058
0.1, 0.0, 4620, 0.0488888063638
0.1, 0.0, 4640, 0.0478812921717
0.1, 0.0, 4660, 0.0469070940215
0.1, 0.0, 4680, 0.0459648153089
0.1, 0.0, 4700, 0.0450531248722
0.1, 0.0, 4720, 0.0441707540077
0.1, 0.0, 4740, 0.0433164935734
0.1, 0.0, 4760, 0.0424891911849
0.1, 0.0, 4780, 0.0416877485114
0.1, 0.0, 4800, 0.0409111186725
0.1, 0.0, 4820, 0.0401583037391
0.1, 0.0, 4840, 0.0394283523374
0.1, 0.0, 4860, 0.0387203573576
0.1, 0.0, 4880, 0.0380334537636
0.1, 0.0, 4900, 0.0373668165037
0.1, 0.0, 4920, 0.0367196585194
0.1, 0.0, 4940, 0.0360912288485
0.1, 0.0, 4960, 0.0354808108215
0.1, 0.0, 4980, 0.0348877203464
0.1, 0.0, 5000, 0.0343113042788
0.1, 0.0, 5020, 0.0337509388752
0.1, 0.0, 5040, 0.0332060283239
0.1, 0.0, 5060, 0.0326760033524
0.1, 0.0, 5080, 0.0321603199053
0.1, 0.0, 5100, 0.0316584578922
0.1, 0.0, 5120, 0.0311699199996
0.1, 0.0, 5140, 0.0306942305655
0.1, 0.0, 5160, 0.030230934513
0.1, 0.0, 5180, 0.0297795963395
0.1, 0.0, 5200, 0.0293397991592
0.1, 0.0, 5220, 0.028911143796
0.1, 0.0, 5240, 0.0284932479237
0.1, 0.0, 5260, 0.0280857452521
0.1, 0.0, 5280, 0.0276882847549
0.1, 0.0, 5300, 0.0273005299389
0.1, 0.0, 5320, 0.0269221581513
0.1, 0.0, 5340, 0.0265528599223
0.1, 0.0, 5360, 0.0261923383438
0.1, 0.0, 5380, 0.0258403084782
0.1, 0.0, 5400, 0.0254964967999
0.1, 0.0, 5420, 0.0251606406643
0.1, 0.0, 5440, 0.0248324878048
0.1, 0.0, 5460, 0.0245117958554
0.1, 0.0, 5480, 0.0241983318981
0.1, 0.0, 5500, 0.0238918720328
0.1, 0.0, 5520, 0.0235922009697
0.1, 0.0, 5540, 0.0232991116419
0.1, 0.0, 5560, 0.0230124048376
0.1, 0.0, 5580, 0.0227318888509
0.1, 0.0, 5600, 0.0224573791498
0.1, 0.0, 5620, 0.0221886980612
0.1, 0.0, 5640, 0.021925674471
0.1, 0.0, 5660, 0.0216681435392
0.1, 0.0, 5680, 0.0214159464288
0.1, 0.0, 5700, 0.0211689300484
0.1, 0.0, 5720, 0.0209269468067
0.1, 0.0, 5740, 0.0206898543796
0.1, 0.0, 5760, 0.0204575154874
0.1, 0.0, 5780, 0.0202297976842
0.1, 0.0, 5800, 0.0200065731558
0.2, 0.0, 20, 0.500146836714
0.2, 0.0, 40, 0.498684511499
0.2, 0.0, 60, 0.49855831277
0.2, 0.0, 80, 0.49847220319
0.2, 0.0, 100, 0.498383322417
0.2, 0.0, 120, 0.498288964779
0.2, 0.0, 140, 0.498188370041
0.2, 0.0, 160, 0.49808093137
0.2, 0.0, 180, 0.497966019057
0.2, 0.0, 200, 0.49784295011
0.2, 0.0, 220, 0.497710978504
0.2, 0.0, 240, 0.497569288401
0.2, 0.0, 260, 0.497416987456
0.2, 0.0, 280, 0.497253099704
0.2, 0.0, 300, 0.497076557939
0.2, 0.0, 320, 0.496886195552
0.2, 0.0, 340, 0.496680737814
0.2, 0.0, 360, 0.496458792603
0.2, 0.0, 380, 0.496218840575
0.2, 0.0, 400, 0.495959224764
0.2, 0.0, 420, 0.495678139641
0.2, 0.0, 440, 0.495373619614
0.2, 0.0, 460, 0.495043526982
0.2, 0.0, 480, 0.494685539354
0.2, 0.0, 500, 0.494297136507
0.2, 0.0, 520, 0.49387558669
0.2, 0.0, 540, 0.493417932339
0.2, 0.0, 560, 0.492920975173
0.2, 0.0, 580, 0.492381260645
0.2, 0.0, 600, 0.491795061692
0.2, 0.0, 620, 0.491158361802
0.2, 0.0, 640, 0.490466837396
0.2, 0.0, 660, 0.48971583966
0.2, 0.0, 680, 0.488900376069
0.2, 0.0, 700, 0.488015092027
0.2, 0.0, 720, 0.48705425337
0.2, 0.0, 740, 0.486011730794
0.2, 0.0, 760, 0.484880987821
0.2, 0.0, 780, 0.483655074446
0.2, 0.0, 800, 0.482326629363
0.2, 0.0, 820, 0.480887894428
0.2, 0.0, 840, 0.479330745846
0.2, 0.0, 860, 0.477646747365
0.2, 0.0, 880, 0.475827231336
0.2, 0.0, 900, 0.473863413809
0.2, 0.0, 920, 0.471746549493
0.2, 0.0, 940, 0.469468131313
0.2, 0.0, 960, 0.467020137019
0.2, 0.0, 980, 0.464395321712
0.2, 0.0, 1000, 0.461587550102
0.2, 0.0, 1020, 0.45859215585
0.2, 0.0, 1040, 0.455406308091
0.2, 0.0, 1060, 0.452029357856
0.2, 0.0, 1080, 0.44846313105
0.2, 0.0, 1100, 0.444712131318
0.2, 0.0, 1120, 0.440783617028
0.2, 0.0, 1140, 0.436687522675
0.2, 0.0, 1160, 0.432436206372
0.2, 0.0, 1180, 0.428044020619
0.2, 0.0, 1200, 0.423526721139
0.2, 0.0, 1220, 0.418900745346
0.2, 0.0, 1240, 0.41418240515
0.2, 0.0, 1260, 0.409387046101
0.2, 0.0, 1280, 0.404528225379
0.2, 0.0, 1300, 0.399616955187
0.2, 0.0, 1320, 0.394661047321
0.2, 0.0, 1340, 0.389664581382
0.2, 0.0, 1360, 0.384627505642
0.2, 0.0, 1380, 0.379545368359
0.2, 0.0, 1400, 0.374409169681
0.2, 0.0, 1420, 0.369205321188
0.2, 0.0, 1440, 0.36391570158
0.2, 0.0, 1460, 0.35851780274
0.2, 0.0, 1480, 0.352984969526
0.2, 0.0, 1500, 0.347286748315
0.2, 0.0, 1520, 0.341389372298
0.2, 0.0, 1540, 0.335256424387
0.2, 0.0, 1560, 0.3288497293
0.2, 0.0, 1580, 0.322130532134
0.2, 0.0, 1600, 0.315061017688
0.2, 0.0, 1620, 0.307606208325
0.2, 0.0, 1640, 0.299736243483
0.2, 0.0, 1660, 0.291428987821
0.2, 0.0, 1680, 0.282672837971
0.2, 0.0, 1700, 0.27346950704
0.2, 0.0, 1720, 0.263836476589
0.2, 0.0, 1740, 0.253808741346
0.2, 0.0, 1760, 0.243439460365
0.2, 0.0, 1780, 0.232799194678
0.2, 0.0, 1800, 0.2219735669
0.2, 0.0, 1820, 0.211059408675
0.2, 0.0, 1840, 0.200159723582
0.2, 0.0, 1860, 0.189378019987
0.2, 0.0, 1880, 0.178812693734
0.2, 0.0, 1900, 0.168552124259
0.2, 0.0, 1920, 0.158670994478
0.2, 0.0, 1940, 0.149228102956
0.2, 0.0, 1960, 0.140265676858
0.2, 0.0, 1980, 0.131809980693
0.2, 0.0, 2000, 0.123872886678
0.2, 0.0, 2020, 0.116454033184
0.2, 0.0, 2040, 0.109543229416
0.2, 0.0, 2060, 0.103122837773
0.2, 0.0, 2080, 0.0971699522862
0.2, 0.0, 2100, 0.091658272055
0.2, 0.0, 2120, 0.0865596323397
0.2, 0.0, 2140, 0.0818451999606
0.2, 0.0, 2160, 0.0774863659011
0.2, 0.0, 2180, 0.0734553804478
0.2, 0.0, 2200, 0.069725779208
0.2, 0.0, 2220, 0.0662726456304
0.2, 0.0, 2240, 0.0630727500128
0.2, 0.0, 2260, 0.0601045982794
0.2, 0.0, 2280, 0.0573484171747
0.2, 0.0, 2300, 0.054786096552
0.2, 0.0, 2320, 0.052401104371
0.2, 0.0, 2340, 0.0501783859031
0.2, 0.0, 2360, 0.0481042553971
0.2, 0.0, 2380, 0.0461662859675
0.2, 0.0, 2400, 0.0443532015937
0.2, 0.0, 2420, 0.0426547737337
0.2, 0.0, 2440, 0.041061724059
0.2, 0.0, 2460, 0.0395656341055
0.2, 0.0, 2480, 0.038158862143
0.2, 0.0, 2500, 0.0368344672361
0.2, 0.0, 2520, 0.0355861402505
0.2, 0.0, 2540, 0.034408141431
0.2, 0.0, 2560, 0.0332952440986
0.2, 0.0, 2580, 0.0322426839861
0.2, 0.0, 2600, 0.0312461137232
0.2, 0.0, 2620, 0.0303015619945
0.2, 0.0, 2640, 0.0294053969182
0.2, 0.0, 2660, 0.028554293223
0.2, 0.0, 2680, 0.027745202832
0.2, 0.0, 2700, 0.0269753284966
0.2, 0.0, 2720, 0.0262421001596
0.2, 0.0, 2740, 0.0255431537526
0.2, 0.0, 2760, 0.024876312168
0.2, 0.0, 2780, 0.02423956817
0.2, 0.0, 2800, 0.0236310690362
0.2, 0.0, 2820, 0.0230491027411
0.2, 0.0, 2840, 0.0224920855184
0.2, 0.0, 2860, 0.0219585506513
0.2, 0.0, 2880, 0.0214471383618
0.2, 0.0, 2900, 0.0209565866802
0.2, 0.0, 2920, 0.0204857231938
0.2, 0.0, 2940, 0.0200334575795
0.3, 0.0, 20, 0.498977887638
0.3, 0.0, 40, 0.498591439735
0.3, 0.0, 60, 0.498477435572
0.3, 0.0, 80, 0.498358032349
0.3, 0.0, 100, 0.498227777815
0.3, 0.0, 120, 0.498084918069
0.3, 0.0, 140, 0.497927681931
0.3, 0.0, 160, 0.497754062618
0.3, 0.0, 180, 0.497561767626
0.3, 0.0, 200, 0.497348175642
0.3, 0.0, 220, 0.497110289151
0.3, 0.0, 240, 0.496844681726
0.3, 0.0, 260, 0.496547439792
0.3, 0.0, 280, 0.496214098871
0.3, 0.0, 300, 0.495839574452
0.3, 0.0, 320, 0.495418087796
0.3, 0.0, 340, 0.494943087129
0.3, 0.0, 360, 0.494407164701
0.3, 0.0, 380, 0.493801970176
0.3, 0.0, 400, 0.493118120599
0.3, 0.0, 420, 0.492345106876
0.3, 0.0, 440, 0.491471196344
0.3, 0.0, 460, 0.490483330779
0.3, 0.0, 480, 0.489367019468
0.3, 0.0, 500, 0.488106228303
0.3, 0.0, 520, 0.48668326888
0.3, 0.0, 540, 0.48507869714
0.3, 0.0, 560, 0.483271239883
0.3, 0.0, 580, 0.481237779869
0.3, 0.0, 600, 0.478953445916
0.3, 0.0, 620, 0.476391871725
0.3, 0.0, 640, 0.473525702637
0.3, 0.0, 660, 0.470327436896
0.3, 0.0, 680, 0.466770678148
0.3, 0.0, 700, 0.46283183802
0.3, 0.0, 720, 0.458492251876
0.3, 0.0, 740, 0.453740555589
0.3, 0.0, 760, 0.448575029955
0.3, 0.0, 780, 0.443005487334
0.3, 0.0, 800, 0.437054204226
0.3, 0.0, 820, 0.430755445714
0.3, 0.0, 840, 0.424153307527
0.3, 0.0, 860, 0.417297895144
0.3, 0.0, 880, 0.410240193131
0.3, 0.0, 900, 0.403026251372
0.3, 0.0, 920, 0.395691438537
0.3, 0.0, 940, 0.388255446809
0.3, 0.0, 960, 0.380718506824
0.3, 0.0, 980, 0.373058981422
0.3, 0.0, 1000, 0.365232266793
0.3, 0.0, 1020, 0.357170829587
0.3, 0.0, 1040, 0.348785286096
0.3, 0.0, 1060, 0.339966673118
0.3, 0.0, 1080, 0.330590421628
0.3, 0.0, 1100, 0.320522932553
0.3, 0.0, 1120, 0.309631898742
0.3, 0.0, 1140, 0.297801338549
0.3, 0.0, 1160, 0.284951371147
0.3, 0.0, 1180, 0.271060909693
0.3, 0.0, 1200, 0.256189010068
0.3, 0.0, 1220, 0.240488573601
0.3, 0.0, 1240, 0.224205827512
0.3, 0.0, 1260, 0.207661594006
0.3, 0.0, 1280, 0.191215772226
0.3, 0.0, 1300, 0.175222784625
0.3, 0.0, 1320, 0.159989602176
0.3, 0.0, 1340, 0.145746792058
0.3, 0.0, 1360, 0.132637446943
0.3, 0.0, 1380, 0.120722303409
0.3, 0.0, 1400, 0.10999521869
0.3, 0.0, 1420, 0.100402490854
0.3, 0.0, 1440, 0.091861172179
0.3, 0.0, 1460, 0.0842738502099
0.3, 0.0, 1480, 0.0775392409566
0.3, 0.0, 1500, 0.0715590184646
0.3, 0.0, 1520, 0.0662417264296
0.3, 0.0, 1540, 0.0615046445165
0.3, 0.0, 1560, 0.0572743343125
0.3, 0.0, 1580, 0.0534863998283
0.3, 0.0, 1600, 0.0500848269068
0.3, 0.0, 1620, 0.0470211344576
0.3, 0.0, 1640, 0.0442534777226
0.3, 0.0, 1660, 0.0417457822622
0.3, 0.0, 1680, 0.0394669484567
0.3, 0.0, 1700, 0.0373901428223
0.3, 0.0, 1720, 0.0354921789417
0.3, 0.0, 1740, 0.0337529835738
0.3, 0.0, 1760, 0.0321551400634
0.3, 0.0, 1780, 0.0306834999312
0.3, 0.0, 1800, 0.029324853508
0.3, 0.0, 1820, 0.0280676510922
0.3, 0.0, 1840, 0.0269017669947
0.3, 0.0, 1860, 0.0258182998096
0.3, 0.0, 1880, 0.0248094031853
0.3, 0.0, 1900, 0.0238681422377
0.3, 0.0, 1920, 0.0229883715049
0.3, 0.0, 1940, 0.0221646310065
0.3, 0.0, 1960, 0.0213920575278
0.3, 0.0, 1980, 0.0206663087262
0.4, 0.0, 20, 0.498752276652
0.4, 0.0, 40, 0.498559825609
0.4, 0.0, 60, 0.498428014742
0.4, 0.0, 80, 0.498282491463
0.4, 0.0, 100, 0.498119563717
0.4, 0.0, 120, 0.497935902563
0.4, 0.0, 140, 0.497727574247
0.4, 0.0, 160, 0.497489884283
0.4, 0.0, 180, 0.497217222221
0.4, 0.0, 200, 0.496902881423
0.4, 0.0, 220, 0.49653885172
0.4, 0.0, 240, 0.496115584863
0.4, 0.0, 260, 0.495621734653
0.4, 0.0, 280, 0.495043875883
0.4, 0.0, 300, 0.494366208472
0.4, 0.0, 320, 0.49357025457
0.4, 0.0, 340, 0.492634556076
0.4, 0.0, 360, 0.491534377341
0.4, 0.0, 380, 0.490241413141
0.4, 0.0, 400, 0.488723498338
0.4, 0.0, 420, 0.486944319086
0.4, 0.0, 440, 0.484863145923
0.4, 0.0, 460, 0.482434657769
0.4, 0.0, 480, 0.47960901009
0.4, 0.0, 500, 0.476332415538
0.4, 0.0, 520, 0.472548622898
0.4, 0.0, 540, 0.468201737813
0.4, 0.0, 560, 0.46324072858
0.4, 0.0, 580, 0.457625598017
0.4, 0.0, 600, 0.451334550915
0.4, 0.0, 620, 0.444370715946
0.4, 0.0, 640, 0.436766488808
0.4, 0.0, 660, 0.428583728459
0.4, 0.0, 680, 0.419908776455
0.4, 0.0, 700, 0.410842009927
0.4, 0.0, 720, 0.401482159541
0.4, 0.0, 740, 0.391906630171
0.4, 0.0, 760, 0.382150923267
0.4, 0.0, 780, 0.372191510272
0.4, 0.0, 800, 0.361935416067
0.4, 0.0, 820, 0.35121716289
0.4, 0.0, 840, 0.339802353161
0.4, 0.0, 860, 0.327398780109
0.4, 0.0, 880, 0.313680071077
0.4, 0.0, 900, 0.298330912389
0.4, 0.0, 920, 0.281121631881
0.4, 0.0, 940, 0.262006808553
0.4, 0.0, 960, 0.241218008337
0.4, 0.0, 980, 0.219300529285
0.4, 0.0, 1000, 0.197051580426
0.4, 0.0, 1020, 0.175361669104
0.4, 0.0, 1040, 0.155020127872
0.4, 0.0, 1060, 0.136571274601
0.4, 0.0, 1080, 0.12027148691
0.4, 0.0, 1100, 0.106133806638
0.4, 0.0, 1120, 0.0940114172827
0.4, 0.0, 1140, 0.0836775744185
0.4, 0.0, 1160, 0.0748828005845
0.4, 0.0, 1180, 0.0673881346438
0.4, 0.0, 1200, 0.0609806782156
0.4, 0.0, 1220, 0.0554783681087
0.4, 0.0, 1240, 0.0507291229633
0.4, 0.0, 1260, 0.0466075385305
0.4, 0.0, 1280, 0.0430108586033
0.4, 0.0, 1300, 0.0398550575885
0.4, 0.0, 1320, 0.0370713779106
0.4, 0.0, 1340, 0.034603415615
0.4, 0.0, 1360, 0.0324047328048
0.4, 0.0, 1380, 0.0304369309249
0.4, 0.0, 1400, 0.0286681082493
0.4, 0.0, 1420, 0.0270716292625
0.4, 0.0, 1440, 0.025625143465
0.4, 0.0, 1460, 0.02430980204
0.4, 0.0, 1480, 0.023109630883
0.4, 0.0, 1500, 0.0220110270857
0.4, 0.0, 1520, 0.0210023529763
0.4, 0.0, 1540, 0.0200736074217
0.5, 0.0, 20, 0.498704540441
0.5, 0.0, 40, 0.498553063566
0.5, 0.0, 60, 0.498413269535
0.5, 0.0, 80, 0.49825583289
0.5, 0.0, 100, 0.498076133682
0.5, 0.0, 120, 0.497868749699
0.5, 0.0, 140, 0.497626947958
0.5, 0.0, 160, 0.4973423324
0.5, 0.0, 180, 0.497004413681
0.5, 0.0, 200, 0.496600088492
0.5, 0.0, 220, 0.49611302495
0.5, 0.0, 240, 0.495522961661
0.5, 0.0, 260, 0.494804944251
0.5, 0.0, 280, 0.493928542143
0.5, 0.0, 300, 0.492857104124
0.5, 0.0, 320, 0.49154711389
0.5, 0.0, 340, 0.489947688532
0.5, 0.0, 360, 0.488000231167
0.5, 0.0, 380, 0.48563824372
0.5, 0.0, 400, 0.482787406115
0.5, 0.0, 420, 0.479366320886
0.5, 0.0, 440, 0.475288819442
0.5, 0.0, 460, 0.470469237076
0.5, 0.0, 480, 0.46483207524
0.5, 0.0, 500, 0.458326178349
0.5, 0.0, 520, 0.450940373239
0.5, 0.0, 540, 0.442713362962
0.5, 0.0, 560, 0.433729184501
0.5, 0.0, 580, 0.424095570094
0.5, 0.0, 600, 0.413915838515
0.5, 0.0, 620, 0.403273852517
0.5, 0.0, 640, 0.392238457055
0.5, 0.0, 660, 0.380861386205
0.5, 0.0, 680, 0.369135388285
0.5, 0.0, 700, 0.356925037399
0.5, 0.0, 720, 0.343918787076
0.5, 0.0, 740, 0.329627350034
0.5, 0.0, 760, 0.313426726085
0.5, 0.0, 780, 0.294661551079
0.5, 0.0, 800, 0.272850943753
0.5, 0.0, 820, 0.247997747561
0.5, 0.0, 840, 0.220859166844
0.5, 0.0, 860, 0.192927734641
0.5, 0.0, 880, 0.166006684458
0.5, 0.0, 900, 0.141600836923
0.5, 0.0, 920, 0.120525377223
0.5, 0.0, 940, 0.102912130171
0.5, 0.0, 960, 0.0884562164261
0.5, 0.0, 980, 0.0766733800904
0.5, 0.0, 1000, 0.0670639388294
0.5, 0.0, 1020, 0.0591871746882
0.5, 0.0, 1040, 0.0526819521411
0.5, 0.0, 1060, 0.0472627723719
0.5, 0.0, 1080, 0.04270754216
0.5, 0.0, 1100, 0.0388443782721
0.5, 0.0, 1120, 0.0355401073024
0.5, 0.0, 1140, 0.0326910635275
0.5, 0.0, 1160, 0.0302160117196
0.5, 0.0, 1180, 0.0280508031095
0.5, 0.0, 1200, 0.0261443685671
0.5, 0.0, 1220, 0.0244557166263
0.5, 0.0, 1240, 0.0229516776998
0.5, 0.0, 1260, 0.0216052002965
0.5, 0.0, 1280, 0.0203940559311
0.6, 0.0, 20, 0.498702239395
0.6, 0.0, 40, 0.498570827326
0.6, 0.0, 60, 0.498438086958
0.6, 0.0, 80, 0.498287925653
0.6, 0.0, 100, 0.498114786044
0.6, 0.0, 120, 0.49791163635
0.6, 0.0, 140, 0.497669409465
0.6, 0.0, 160, 0.497376340431
0.6, 0.0, 180, 0.497017098889
0.6, 0.0, 200, 0.496571675723
0.6, 0.0, 220, 0.496014002293
0.6, 0.0, 240, 0.495310324707
0.6, 0.0, 260, 0.494417432477
0.6, 0.0, 280, 0.49328094371
0.6, 0.0, 300, 0.491833939129
0.6, 0.0, 320, 0.489996242885
0.6, 0.0, 340, 0.487674520563
0.6, 0.0, 360, 0.484763220362
0.6, 0.0, 380, 0.481146631508
0.6, 0.0, 400, 0.476703515053
0.6, 0.0, 420, 0.471317868636
0.6, 0.0, 440, 0.464900882394
0.6, 0.0, 460, 0.457426527272
0.6, 0.0, 480, 0.448972894985
0.6, 0.0, 500, 0.439745936054
0.6, 0.0, 520, 0.430056449729
0.6, 0.0, 540, 0.420241314763
0.6, 0.0, 560, 0.410555399378
0.6, 0.0, 580, 0.401075951995
0.6, 0.0, 600, 0.391647510358
0.6, 0.0, 620, 0.381892161388
0.6, 0.0, 640, 0.371338682462
0.6, 0.0, 660, 0.359659695969
0.6, 0.0, 680, 0.346728124209
0.6, 0.0, 700, 0.33227441963
0.6, 0.0, 720, 0.315568014124
0.6, 0.0, 740, 0.295502920706
0.6, 0.0, 760, 0.271020578882
0.6, 0.0, 780, 0.241833110763
0.6, 0.0, 800, 0.209208445851
0.6, 0.0, 820, 0.175986514884
0.6, 0.0, 840, 0.145354320826
0.6, 0.0, 860, 0.119358425518
0.6, 0.0, 880, 0.0984653279255
0.6, 0.0, 900, 0.082114572485
0.6, 0.0, 920, 0.0694036296176
0.6, 0.0, 940, 0.0594720416869
0.6, 0.0, 960, 0.0516267917367
0.6, 0.0, 980, 0.0453466659215
0.6, 0.0, 1000, 0.0402496872569
0.6, 0.0, 1020, 0.036057457144
0.6, 0.0, 1040, 0.0325661317514
0.6, 0.0, 1060, 0.0296250246343
0.6, 0.0, 1080, 0.0271214249205
0.6, 0.0, 1100, 0.0249699609984
0.6, 0.0, 1120, 0.023105150759
0.6, 0.0, 1140, 0.0214761521498
0.6, 0.0, 1160, 0.0200430298088
0.7, 0.0, 20, 0.498720746678
0.7, 0.0, 40, 0.498614288506
0.7, 0.0, 60, 0.498506271911
0.7, 0.0, 80, 0.498386502004
0.7, 0.0, 100, 0.4982496489
0.7, 0.0, 120, 0.498088842683
0.7, 0.0, 140, 0.497895123027
0.7, 0.0, 160, 0.497656661867
0.7, 0.0, 180, 0.497357637938
0.7, 0.0, 200, 0.496976637981
0.7, 0.0, 220, 0.49648445442
0.7, 0.0, 240, 0.495841190595
0.7, 0.0, 260, 0.494992725215
0.7, 0.0, 280, 0.493866884359
0.7, 0.0, 300, 0.49237010866
0.7, 0.0, 320, 0.490385765904
0.7, 0.0, 340, 0.487775091983
0.7, 0.0, 360, 0.484380869484
0.7, 0.0, 380, 0.480033586922
0.7, 0.0, 400, 0.47456264278
0.7, 0.0, 420, 0.467821869839
0.7, 0.0, 440, 0.459742401038
0.7, 0.0, 460, 0.450411967884
0.7, 0.0, 480, 0.44014126916
0.7, 0.0, 500, 0.429447696011
0.7, 0.0, 520, 0.418927342306
0.7, 0.0, 540, 0.409085299266
0.7, 0.0, 560, 0.400231243417
0.7, 0.0, 580, 0.39247668228
0.7, 0.0, 600, 0.385792541439
0.7, 0.0, 620, 0.380074100444
0.7, 0.0, 640, 0.3751875752
0.7, 0.0, 660, 0.370996078636
0.7, 0.0, 680, 0.367371295238
0.7, 0.0, 700, 0.364197290594
0.7, 0.0, 720, 0.361370722106
0.7, 0.0, 740, 0.358799831871
0.7, 0.0, 760, 0.356403345803
0.7, 0.0, 780, 0.354109533401
0.7, 0.0, 800, 0.351855034322
0.7, 0.0, 820, 0.349582680357
0.7, 0.0, 840, 0.347237549002
0.7, 0.0, 860, 0.34476081137
0.7, 0.0, 880, 0.342081262331
0.7, 0.0, 900, 0.339104398565
0.7, 0.0, 920, 0.335698473998
0.7, 0.0, 940, 0.331676410152
0.7, 0.0, 960, 0.326772334067
0.7, 0.0, 980, 0.32061270014
0.7, 0.0, 1000, 0.312686251824
0.7, 0.0, 1020, 0.302330645751
0.7, 0.0, 1040, 0.2887911005
0.7, 0.0, 1060, 0.27145029776
0.7, 0.0, 1080, 0.250205290111
0.7, 0.0, 1100, 0.225675908018
0.7, 0.0, 1120, 0.199182859932
0.7, 0.0, 1140, 0.1726428028
0.7, 0.0, 1160, 0.148012199498
0.7, 0.0, 1180, 0.126539704461
0.7, 0.0, 1200, 0.108566391903
0.7, 0.0, 1220, 0.0938284254808
0.7, 0.0, 1240, 0.0818209621092
0.7, 0.0, 1260, 0.0720181407244
0.7, 0.0, 1280, 0.0639625028732
0.7, 0.0, 1300, 0.0572849815358
0.7, 0.0, 1320, 0.051697400089
0.7, 0.0, 1340, 0.0469774791818
0.7, 0.0, 1360, 0.0429540634265
0.7, 0.0, 1380, 0.0394948602377
0.7, 0.0, 1400, 0.0364969290928
0.7, 0.0, 1420, 0.0338795166972
0.7, 0.0, 1440, 0.0315787209531
0.7, 0.0, 1460, 0.0295435261408
0.7, 0.0, 1480, 0.0277328491129
0.7, 0.0, 1500, 0.0261133267542
0.7, 0.0, 1520, 0.0246576471788
0.7, 0.0, 1540, 0.0233432813243
0.7, 0.0, 1560, 0.0221515111146
0.7, 0.0, 1580, 0.0210666788119
0.7, 0.0, 1600, 0.0200756025745
0.8, 0.0, 20, 0.498754702989
0.8, 0.0, 40, 0.49868414411
0.8, 0.0, 60, 0.498619597022
0.8, 0.0, 80, 0.498554896144
0.8, 0.0, 100, 0.498486549855
0.8, 0.0, 120, 0.498410515438
0.8, 0.0, 140, 0.49832217972
0.8, 0.0, 160, 0.498216193461
0.8, 0.0, 180, 0.498086094729
0.8, 0.0, 200, 0.497923654732
0.8, 0.0, 220, 0.497717853725
0.8, 0.0, 240, 0.49745334546
0.8, 0.0, 260, 0.497108194365
0.8, 0.0, 280, 0.496650581715
0.8, 0.0, 300, 0.496034126666
0.8, 0.0, 320, 0.495191596543
0.8, 0.0, 340, 0.494027366941
0.8, 0.0, 360, 0.492410351454
0.8, 0.0, 380, 0.490171009983
0.8, 0.0, 400, 0.487106605354
0.8, 0.0, 420, 0.482995400574
0.8, 0.0, 440, 0.477615517099
0.8, 0.0, 460, 0.470769583206
0.8, 0.0, 480, 0.462335793979
0.8, 0.0, 500, 0.452369022565
0.8, 0.0, 520, 0.441218197531
0.8, 0.0, 540, 0.429538287296
0.8, 0.0, 560, 0.418106910487
0.8, 0.0, 580, 0.407553778013
0.8, 0.0, 600, 0.398210242075
0.8, 0.0, 620, 0.390136730546
0.8, 0.0, 640, 0.383231738823
0.8, 0.0, 660, 0.377328679409
0.8, 0.0, 680, 0.372252048374
0.8, 0.0, 700, 0.367841441588
0.8, 0.0, 720, 0.363957903403
0.8, 0.0, 740, 0.360482372463
0.8, 0.0, 760, 0.357311115211
0.8, 0.0, 780, 0.354350110035
0.8, 0.0, 800, 0.351508855932
0.8, 0.0, 820, 0.348693312837
0.8, 0.0, 840, 0.345797179069
0.8, 0.0, 860, 0.342690229662
0.8, 0.0, 880, 0.339201871755
0.8, 0.0, 900, 0.335097459915
0.8, 0.0, 920, 0.330044556721
0.8, 0.0, 940, 0.323567139048
0.8, 0.0, 960, 0.314991123277
0.8, 0.0, 980, 0.303408891238
0.8, 0.0, 1000, 0.287767282759
0.8, 0.0, 1020, 0.267250640511
0.8, 0.0, 1040, 0.241824557908
0.8, 0.0, 1060, 0.212526175152
0.8, 0.0, 1080, 0.181688360056
0.8, 0.0, 1100, 0.152455889978
0.8, 0.0, 1120, 0.127180999409
0.8, 0.0, 1140, 0.10658385581
0.8, 0.0, 1160, 0.0902484832455
0.8, 0.0, 1180, 0.0773682863075
0.8, 0.0, 1200, 0.0671554159486
0.8, 0.0, 1220, 0.0589697536177
0.8, 0.0, 1240, 0.0523256110944
0.8, 0.0, 1260, 0.046863146003
0.8, 0.0, 1280, 0.0423168029733
0.8, 0.0, 1300, 0.0384895593187
0.8, 0.0, 1320, 0.0352338243335
0.8, 0.0, 1340, 0.0324377649951
0.8, 0.0, 1360, 0.030015621108
0.8, 0.0, 1380, 0.0279008409502
0.8, 0.0, 1400, 0.026041184758
0.8, 0.0, 1420, 0.0243951996216
0.8, 0.0, 1440, 0.0229296549141
0.8, 0.0, 1460, 0.0216176559637
0.8, 0.0, 1480, 0.0204372413051
0.9, 0.0, 20, 0.498802467124
0.9, 0.0, 40, 0.49878012042
0.9, 0.0, 60, 0.498776707923
0.9, 0.0, 80, 0.498788707797
0.9, 0.0, 100, 0.498814479025
0.9, 0.0, 120, 0.498852906646
0.9, 0.0, 140, 0.498903467257
0.9, 0.0, 160, 0.498965757063
0.9, 0.0, 180, 0.499038470027
0.9, 0.0, 200, 0.499117902525
0.9, 0.0, 220, 0.49919618984
0.9, 0.0, 240, 0.499259726317
0.9, 0.0, 260, 0.499288590541
0.9, 0.0, 280, 0.499257965502
0.9, 0.0, 300, 0.499141652648
0.9, 0.0, 320, 0.498915262642
0.9, 0.0, 340, 0.498554488855
0.9, 0.0, 360, 0.498025971824
0.9, 0.0, 380, 0.497273602839
0.9, 0.0, 400, 0.496204437916
0.9, 0.0, 420, 0.494674041423
0.9, 0.0, 440, 0.492467155818
0.9, 0.0, 460, 0.489268975839
0.9, 0.0, 480, 0.484624972715
0.9, 0.0, 500, 0.477903107334
0.9, 0.0, 520, 0.468332306737
0.9, 0.0, 540, 0.45530881206
0.9, 0.0, 560, 0.439105604765
0.9, 0.0, 580, 0.421381360341
0.9, 0.0, 600, 0.404402739285
0.9, 0.0, 620, 0.389616764466
0.9, 0.0, 640, 0.377236227159
0.9, 0.0, 660, 0.366758124734
0.9, 0.0, 680, 0.357485793765
0.9, 0.0, 700, 0.348752860398
0.9, 0.0, 720, 0.339973774538
0.9, 0.0, 740, 0.330647897798
0.9, 0.0, 760, 0.320321700876
0.9, 0.0, 780, 0.30836340682
0.9, 0.0, 800, 0.293269166146
0.9, 0.0, 820, 0.271434047168
0.9, 0.0, 840, 0.238261780622
0.9, 0.0, 860, 0.196331627458
0.9, 0.0, 880, 0.154151553868
0.9, 0.0, 900, 0.11786382401
0.9, 0.0, 920, 0.0901485310552
0.9, 0.0, 940, 0.0702720551596
0.9, 0.0, 960, 0.056195492974
0.9, 0.0, 980, 0.0460851028256
0.9, 0.0, 1000, 0.0386472699325
0.9, 0.0, 1020, 0.0330327214709
0.9, 0.0, 1040, 0.0286900704157
0.9, 0.0, 1060, 0.0252568672842
0.9, 0.0, 1080, 0.0224897875347
0.9, 0.0, 1100, 0.0202215991134
