2 5 2 1
0.01
0.05
807 856 0
233 234 1
264 265 1
55 124 0
821 870 0
722 731 0
824 825 1
50 51 1
129 130 1
301 310 0
948 975 0
908 909 1
487 488 1
895 896 1
450 477 0
845 846 1
66 120 0
299 398 0
883 884 1
321 393 0
841 909 0
215 216 1
173 249 0
48 49 1
104 165 0
623 706 0
59 60 1
129 169 0
87 133 0
798 833 0
466 467 1
74 75 1
961 1012 0
929 930 1
304 334 0
33 64 0
684 685 1
770 771 1
36 98 0
569 570 1
841 862 0
680 760 0
299 356 0
99 100 1
199 224 0
87 113 0
133 153 0
330 331 1
158 197 0
450 536 0
196 197 1
887 888 1
910 997 0
642 643 1
698 699 1
741 742 1
613 614 1
146 230 0
520 521 1
436 464 0
232 233 1
331 390 0
184 185 1
843 844 1
798 806 0
963 1039 0
33 54 0
24 25 1
125 225 0
513 514 1
943 944 1
716 800 0
693 694 1
719 813 0
68 99 0
66 67 1
414 415 1
118 119 1
586 680 0
759 760 1
510 577 0
429 430 1
34 127 0
609 610 1
678 747 0
631 632 1
945 970 0
564 592 0
44 104 0
888 917 0
911 912 1
316 409 0
901 902 1
975 1074 0
76 77 1
778 779 1
258 316 0
314 315 1
754 821 0
627 628 1
786 787 1
850 912 0
152 153 1
764 806 0
277 278 1
64 65 1
899 900 1
971 972 1
442 443 1
300 392 0
108 175 0
357 358 1
452 492 0
748 749 1
410 411 1
469 560 0
173 174 1
443 531 0
763 764 1
934 935 1
232 296 0
808 809 1
643 644 1
767 768 1
997 1031 0
68 69 1
469 470 1
454 455 1
422 423 1
972 973 1
355 360 0
354 355 1
552 553 1
477 478 1
809 856 0
118 120 0
607 608 1
548 621 0
160 233 0
7 8 1
874 933 0
942 943 1
970 971 1
254 269 0
882 883 1
201 202 1
876 899 0
96 97 1
657 696 0
407 493 0
290 291 1
877 878 1
568 569 1
24 25 1
51 116 0
394 422 0
119 120 1
700 764 0
34 35 1
695 708 0
820 842 0
8 9 1
481 482 1
917 1007 0
731 732 1
928 1021 0
701 712 0
243 269 0
676 677 1
660 723 0
137 138 1
308 367 0
792 793 1
831 832 1
929 930 1
252 333 0
100 198 0
721 791 0
395 396 1
521 531 0
25 44 0
646 647 1
358 359 1
779 780 1
13 42 0
44 62 0
85 86 1
780 843 0
323 367 0
50 100 0
665 731 0
190 278 0
860 861 1
819 820 1
590 665 0
231 232 1
886 887 1
996 1014 0
69 70 1
170 171 1
556 557 1
753 848 0
544 545 1
530 561 0
433 434 1
218 248 0
632 633 1
315 316 1
588 627 0
792 799 0
357 358 1
705 778 0
628 657 0
625 626 1
210 264 0
60 115 0
286 287 1
894 895 1
473 474 1
680 681 1
375 419 0
337 386 0
119 120 1
458 498 0
119 120 1
851 852 1
903 911 0
902 903 1
489 490 1
250 251 1
185 262 0
355 356 1
793 826 0
401 402 1
396 397 1
297 298 1
666 700 0
286 287 1
154 155 1
103 104 1
922 923 1
545 595 0
352 387 0
454 455 1
705 706 1
206 207 1
233 234 1
989 1054 0
53 127 0
54 55 1
439 479 0
186 238 0
996 1079 0
761 762 1
205 247 0
84 85 1
107 108 1
578 579 1
57 81 0
446 535 0
779 866 0
566 655 0
99 100 1
660 675 0
91 92 1
815 898 0
747 755 0
342 343 1
732 822 0
647 648 1
373 440 0
978 979 1
426 464 0
330 358 0
366 367 1
919 920 1
448 449 1
413 414 1
497 498 1
315 346 0
251 325 0
301 302 1
67 104 0
952 1007 0
663 753 0
236 266 0
351 352 1
197 198 1
791 871 0
186 187 1
84 85 1
615 616 1
228 291 0
810 865 0
313 314 1
364 365 1
247 319 0
440 441 1
566 653 0
388 476 0
724 814 0
123 220 0
150 245 0
342 343 1
96 97 1
204 222 0
323 324 1
591 654 0
10 105 0
486 487 1
881 882 1
468 469 1
576 672 0
182 205 0
231 255 0
140 152 0
390 391 1
347 429 0
468 473 0
546 565 0
186 187 1
535 536 1
113 114 1
79 139 0
436 457 0
792 793 1
388 401 0
220 247 0
366 367 1
107 170 0
897 898 1
924 940 0
966 967 1
809 887 0
52 53 1
11 12 1
2 3 1
75 155 0
13 14 1
954 955 1
92 116 0
739 777 0
87 88 1
923 1017 0
957 958 1
230 302 0
223 272 0
481 564 0
134 210 0
690 691 1
631 668 0
848 886 0
50 51 1
200 201 1
956 957 1
344 345 1
164 173 0
206 207 1
27 54 0
517 518 1
478 479 1
844 845 1
349 373 0
71 94 0
995 996 1
507 508 1
73 74 1
168 169 1
858 892 0
335 417 0
264 358 0
887 888 1
934 968 0
252 253 1
195 196 1
767 768 1
676 677 1
793 811 0
833 834 1
309 330 0
9 101 0
316 317 1
661 662 1
677 713 0
454 522 0
959 1011 0
725 726 1
803 804 1
47 48 1
286 378 0
764 798 0
608 609 1
783 784 1
208 209 1
673 674 1
465 466 1
429 510 0
542 633 0
242 243 1
639 660 0
186 219 0
682 683 1
8 9 1
895 896 1
436 495 0
249 250 1
302 303 1
908 986 0
825 826 1
321 322 1
967 968 1
971 972 1
233 234 1
927 928 1
599 665 0
757 790 0
307 387 0
429 430 1
519 520 1
891 892 1
777 869 0
933 989 0
110 167 0
750 847 0
48 49 1
353 409 0
664 758 0
442 443 1
811 812 1
657 730 0
986 1003 0
946 947 1
962 968 0
676 763 0
220 221 1
740 741 1
937 938 1
577 578 1
531 624 0
840 841 1
642 653 0
428 429 1
648 649 1
455 456 1
251 346 0
931 1027 0
117 118 1
832 833 1
661 714 0
970 1000 0
167 256 0
997 1093 0
85 179 0
993 994 1
147 186 0
855 929 0
122 123 1
980 981 1
287 362 0
326 327 1
320 380 0
420 457 0
456 494 0
925 926 1
166 242 0
33 76 0
216 239 0
443 484 0
631 632 1
120 172 0
746 747 1
693 763 0
97 98 1
141 142 1
893 894 1
535 536 1
967 968 1
49 138 0
793 794 1
823 824 1
752 847 0
509 510 1
467 482 0
799 871 0
206 232 0
619 638 0
29 30 1
490 491 1
534 535 1
334 398 0
761 776 0
767 837 0
365 366 1
360 361 1
201 202 1
42 115 0
33 34 1
231 232 1
103 150 0
573 598 0
953 954 1
182 238 0
247 248 1
114 115 1
496 497 1
670 671 1
40 83 0
913 914 1
898 966 0
115 212 0
376 470 0
724 725 1
49 50 1
418 491 0
264 265 1
830 831 1
89 170 0
593 594 1
472 473 1
1 2 1
341 381 0
335 336 1
397 435 0
645 646 1
779 820 0
280 281 1
175 270 0
361 362 1
576 609 0
974 975 1
219 220 1
642 712 0
572 620 0
4 18 0
705 706 1
998 999 1
136 137 1
466 497 0
700 731 0
471 472 1
391 392 1
38 111 0
962 963 1
338 339 1
775 776 1
207 208 1
346 347 1
491 492 1
891 966 0
556 641 0
362 439 0
744 826 0
982 983 1
924 925 1
463 464 1
846 847 1
882 883 1
888 889 1
541 641 0
166 167 1
323 354 0
178 245 0
934 935 1
291 292 1
829 830 1
578 579 1
244 317 0
623 625 0
365 366 1
388 389 1
339 340 1
335 336 1
2 64 0
137 227 0
316 411 0
979 980 1
4 5 1
975 976 1
364 415 0
711 712 1
519 520 1
329 427 0
300 301 1
896 897 1
6 7 1
738 739 1
465 466 1
719 785 0
117 157 0
795 815 0
845 867 0
683 684 1
978 1012 0
643 702 0
866 938 0
802 803 1
660 661 1
804 817 0
5 6 1
219 222 0
656 673 0
118 209 0
599 600 1
931 932 1
119 126 0
179 193 0
463 464 1
805 806 1
601 602 1
451 452 1
812 813 1
701 702 1
553 554 1
889 890 1
64 65 1
13 21 0
379 417 0
769 770 1
97 190 0
187 206 0
297 302 0
167 170 0
343 407 0
643 678 0
356 401 0
950 951 1
22 51 0
33 34 1
768 769 1
331 379 0
521 583 0
855 910 0
45 46 1
86 87 1
766 767 1
32 33 1
253 317 0
172 264 0
5 6 1
59 60 1
753 828 0
90 91 1
995 1055 0
51 52 1
368 369 1
764 828 0
825 826 1
697 698 1
587 604 0
745 808 0
845 902 0
768 824 0
510 586 0
553 624 0
145 207 0
954 1002 0
469 569 0
364 365 1
454 492 0
269 289 0
742 743 1
612 689 0
364 425 0
126 215 0
36 94 0
394 395 1
278 339 0
952 953 1
192 240 0
306 307 1
988 989 1
553 554 1
3 45 0
218 219 1
734 781 0
92 93 1
929 930 1
450 485 0
620 621 1
887 958 0
812 819 0
665 708 0
318 319 1
439 473 0
437 466 0
10 99 0
65 106 0
756 777 0
227 228 1
515 516 1
578 665 0
911 920 0
466 467 1
969 992 0
415 416 1
600 601 1
266 338 0
94 95 1
892 954 0
634 651 0
913 957 0
921 968 0
651 652 1
666 719 0
303 384 0
58 59 1
376 385 0
939 940 1
9 28 0
353 439 0
511 555 0
683 684 1
587 657 0
272 273 1
337 338 1
805 806 1
712 735 0
906 952 0
464 465 1
855 856 1
504 505 1
232 300 0
765 766 1
756 757 1
962 1038 0
986 987 1
23 79 0
865 866 1
970 971 1
897 898 1
310 311 1
820 911 0
992 1034 0
235 236 1
127 128 1
172 181 0
521 522 1
79 112 0
399 492 0
265 270 0
594 598 0
806 826 0
826 827 1
595 596 1
316 399 0
588 656 0
367 368 1
354 426 0
280 281 1
721 722 1
605 634 0
336 337 1
725 732 0
73 74 1
874 927 0
867 942 0
716 717 1
985 1066 0
354 429 0
793 794 1
810 811 1
761 762 1
484 485 1
834 835 1
241 242 1
554 555 1
447 448 1
446 447 1
628 629 1
897 915 0
23 87 0
65 101 0
388 437 0
610 611 1
509 558 0
66 67 1
311 312 1
123 124 1
410 460 0
177 178 1
82 150 0
534 535 1
759 760 1
837 838 1
748 749 1
126 127 1
687 726 0
903 954 0
629 630 1
20 68 0
86 87 1
230 231 1
996 997 1
804 897 0
86 151 0
314 374 0
66 152 0
24 28 0
764 859 0
921 940 0
710 761 0
273 364 0
131 132 1
54 55 1
83 84 1
918 919 1
988 1079 0
815 816 1
896 961 0
965 966 1
769 848 0
10 103 0
905 906 1
297 325 0
119 164 0
810 890 0
262 263 1
348 371 0
128 129 1
130 131 1
930 1010 0
367 384 0
241 242 1
327 401 0
301 302 1
613 668 0
425 495 0
823 824 1
735 736 1
837 870 0
750 751 1
31 32 1
903 904 1
75 84 0
194 195 1
665 666 1
624 625 1
6 7 1
794 867 0
345 346 1
549 550 1
352 354 0
669 676 0
223 241 0
558 634 0
417 418 1
23 45 0
100 101 1
271 316 0
81 146 0
187 188 1
792 793 1
533 534 1
549 550 1
388 457 0
37 131 0
940 941 1
90 91 1
256 338 0
26 27 1
591 592 1
141 142 1
709 726 0
516 517 1
875 876 1
148 149 1
753 792 0
243 244 1
113 114 1
448 530 0
861 910 0
269 270 1
588 605 0
511 540 0
440 451 0
879 970 0
823 915 0
605 650 0
327 328 1
576 577 1
878 879 1
245 251 0
139 140 1
810 817 0
709 713 0
241 242 1
711 712 1
881 882 1
234 327 0
447 480 0
433 434 1
510 574 0
373 374 1
374 375 1
187 227 0
722 723 1
12 13 1
116 117 1
65 122 0
475 476 1
969 1041 0
496 591 0
741 742 1
780 781 1
601 602 1
272 275 0
356 415 0
140 141 1
466 467 1
482 552 0
765 853 0
773 806 0
919 920 1
12 70 0
680 681 1
527 561 0
629 684 0
336 337 1
986 1053 0
610 645 0
252 272 0
40 94 0
257 318 0
733 734 1
252 253 1
71 81 0
8 13 0
100 152 0
601 694 0
867 946 0
319 320 1
251 325 0
534 600 0
775 776 1
396 397 1
854 872 0
610 611 1
264 265 1
639 662 0
728 790 0
658 659 1
19 20 1
137 138 1
87 112 0
723 724 1
180 181 1
262 263 1
842 860 0
960 961 1
785 786 1
403 404 1
17 18 1
379 448 0
363 364 1
480 481 1
600 601 1
220 255 0
98 131 0
805 808 0
607 608 1
311 312 1
3 63 0
818 877 0
333 343 0
479 480 1
992 993 1
302 303 1
322 365 0
737 754 0
803 852 0
329 361 0
497 510 0
909 920 0
731 776 0
655 735 0
301 302 1
409 419 0
590 591 1
623 624 1
563 564 1
886 887 1
825 826 1
80 112 0
761 808 0
142 151 0
597 689 0
234 308 0
678 679 1
499 500 1
246 247 1
319 320 1
398 446 0
80 81 1
566 567 1
275 276 1
70 136 0
94 95 1
783 812 0
909 955 0
649 718 0
