10.1217462971
4.18161543818
2.85658465345
2.34257304819
2.07618396614
1.91394333964
1.80404390853
1.72354278861
1.66087600448
1.60969329331
1.56629621735
1.52843711884
1.49470382001
1.46418337397
1.4362694708
1.41054825471
1.38672883098
1.36460002838
1.34400291444
1.32481293581
1.30692808028
1.29026094162
1.27473342924
1.26027334561
1.24681231151
1.23428465456
1.22262695707
1.21177801848
1.20167904205
1.19227390756
1.18350943838
1.17533561035
1.16770567938
1.16057622439
1.15390711406
1.14766141157
1.14180523319
1.13630757554
1.13114012433
1.12627705496
1.12169483263
1.11737201748
1.11328907869
1.10942821967
1.1057732156
1.10230926398
1.09902284784
1.0959016115
1.09293424799
1.09011039751
1.08742055609
1.08485599352
1.08240867982
1.08007121934
1.07783679184
1.07569909969
1.07365232063
1.07169106545
1.06981034001
1.06800551116
1.066272276
1.06460663425
1.06300486327
1.06146349543
1.05997929763
1.05854925268
1.05717054241
1.0558405322
1.05455675697
1.05331690827
1.05211882261
1.05096047068
1.04983994749
1.04875546337
1.04770533565
1.04668798111
1.04570190891
1.04474571422
1.04381807228
1.04291773291
1.04204351553
1.0411943045
1.04036904482
1.03956673819
1.03878643932
1.0380272526
1.03728832889
1.03656886266
1.03586808929
1.03518528254
1.03451975223
1.0338708421
1.03323792779
1.03262041495
1.0320177375
1.03142935604
1.03085475627
1.03029344762
1.02974496193
1.02920885216
1.02868469131
1.02817207126
1.02767060181
1.0271799097
1.02669963773
1.02622944391
1.02576900072
1.02531799427
1.02487612373
1.02444310058
1.02401864804
1.02360250049
1.0231944029
1.02279411036
1.02240138753
1.02201600825
1.02163775505
1.02126641879
1.02090179824
1.02054369972
1.02019193677
1.01984632983
1.01950670587
1.01917289818
1.01884474603
1.01852209445
1.01820479394
1.01789270025
1.01758567418
1.01728358131
1.01698629186
1.01669368044
1.01640562591
1.01612201117
1.01584272302
1.01556765198
1.01529669218
1.01502974116
1.01476669976
1.014507472
1.01425196495
1.01400008858
1.0137517557
1.01350688182
1.01326538503
1.01302718595
1.01279220758
1.01256037526
1.01233161655
1.01210586116
1.01188304086
1.01166308945
1.0114459426
1.01123153787
1.01101981459
1.01081071383
1.01060417829
1.01040015231
1.01019858174
1.00999941397
1.00980259778
1.00960808338
1.00941582232
1.00922576744
1.00903787283
1.00885209382
1.00866838689
1.00848670967
1.00830702087
1.00812928029
1.00795344872
1.00777948798
1.00760736084
1.007437031
1.00726846305
1.00710162247
1.00693647559
1.00677298955
1.00661113229
1.00645087251
1.00629217968
1.00613502396
1.00597937624
1.00582520808
1.00567249171
1.00552119998
1.00537130639
1.00522278502
1.00507561054
1.0049297582
1.0047852038
1.00464192366
1.00449989465
1.00435909412
1.00421949991
1.00408109037
1.00394384429
1.0038077409
1.00367275991
1.00353888141
1.00340608593
1.00327435441
1.00314366816
1.0030140089
1.0028853587
1.0027577
1.00263101559
1.0025052886
1.00238050251
1.0022566411
1.00213368849
1.00201162909
1.00189044762
1.0017701291
1.00165065881
1.00153202233
1.0014142055
1.00129719444
1.00118097549
1.00106553529
1.00095086069
1.00083693878
1.00072375691
1.00061130261
1.00049956367
1.00038852809
1.00027818406
1.00016851999
1.0000595245
0.999999857898
[5.8, 2.7, 5.1, 1.9] [0, 0, 1] [0.0, 0.0, 1.0] True


True


[7.2, 3.0, 5.8, 1.6] [0, 0, 1] [0.0, 0.0, 1.0] True


True


[5.4, 3.9, 1.7, 0.4] [1, 0, 0] [1.0, 0.0, 0.0] True


True


[7.3, 2.9, 6.3, 1.8] [0, 0, 1] [0.0, 0.0, 1.0] True


True


[7.6, 3.0, 6.6, 2.1] [0, 0, 1] [0.0, 0.0, 1.0] True


True


[6.8, 2.8, 4.8, 1.4] [0, 1, 0] [0.0, 1.0, 0.0] True


True


[4.6, 3.6, 1.0, 0.2] [1, 0, 0] [1.0, 0.0, 0.0] True


True


[5.1, 3.7, 1.5, 0.4] [1, 0, 0] [1.0, 0.0, 0.0] True


True


[5.7, 3.8, 1.7, 0.3] [1, 0, 0] [1.0, 0.0, 0.0] True


True


[4.9, 3.1, 1.5, 0.1] [1, 0, 0] [1.0, 0.0, 0.0] True


True


[4.3, 3.0, 1.1, 0.1] [1, 0, 0] [1.0, 0.0, 0.0] True


True


[6.5, 3.0, 5.8, 2.2] [0, 0, 1] [0.0, 0.0, 1.0] True


True


[7.7, 3.8, 6.7, 2.2] [0, 0, 1] [0.0, 0.0, 1.0] True


True


[6.4, 3.2, 4.5, 1.5] [0, 1, 0] [0.0, 1.0, 0.0] True


True


[6.0, 2.2, 5.0, 1.5] [0, 0, 1] [0.0, 0.0, 1.0] True


True


[5.4, 3.0, 4.5, 1.5] [0, 0, 1] [0.0, 1.0, 0.0] False


False


[6.5, 3.0, 5.2, 2.0] [0, 0, 1] [0.0, 0.0, 1.0] True


True


[5.9, 3.2, 4.8, 1.8] [0, 0, 1] [0.0, 1.0, 0.0] False


False


[5.6, 3.0, 4.5, 1.5] [0, 0, 1] [0.0, 1.0, 0.0] False


False


[5.5, 2.3, 4.0, 1.3] [0, 1, 0] [0.0, 1.0, 0.0] True


True


[6.0, 2.9, 4.5, 1.5] [0, 1, 0] [0.0, 1.0, 0.0] True


True


[6.4, 2.8, 5.6, 2.1] [0, 0, 1] [0.0, 0.0, 1.0] True


True


[4.9, 2.4, 3.3, 1.0] [0, 1, 0] [0.0, 1.0, 0.0] True


True


[4.4, 3.0, 1.3, 0.2] [1, 0, 0] [1.0, 0.0, 0.0] True


True


[7.2, 3.6, 6.1, 2.5] [0, 0, 1] [0.0, 0.0, 1.0] True


True


[5.4, 3.7, 1.5, 0.2] [1, 0, 0] [1.0, 0.0, 0.0] True


True


[7.7, 2.6, 6.9, 2.3] [0, 0, 1] [0.0, 0.0, 1.0] True


True


[4.9, 3.1, 1.5, 0.1] [1, 0, 0] [1.0, 0.0, 0.0] True


True


[5.9, 3.0, 4.2, 1.5] [0, 1, 0] [0.0, 1.0, 0.0] True


True


[5.8, 2.7, 4.1, 1.0] [0, 1, 0] [0.0, 1.0, 0.0] True


True


('true', 27)
('false', 3)
22956
7.97876309092
4.27410595065
3.38495354884
2.99594141458
2.77526079167
2.63411058493
2.53752651555
2.46827617014
2.41669384568
2.37694535535
2.34535436547
2.31953950968
2.29792663509
2.27945661216
2.26340385702
2.24926110364
2.23666530137
2.22534964348
2.21511241765
2.20579674279
2.19727734733
2.1894518853
2.18223516229
2.17555522126
2.16935061742
2.1635684582
2.15816294272
2.15309423523
2.14832756925
2.14383251748
2.13958238551
2.13555370192
2.13172578545
2.12808037552
2.12460131566
2.12127428143
2.11808654635
2.11502678006
2.11208487411
2.10925179144
2.106519436
2.1038805398
2.10132856482
2.0988576177
2.09646237536
2.09413802012
2.09188018292
2.0896848936
2.08754853714
2.08546781532
2.08343971278
2.08146146713
2.07953054244
2.07764460585
2.07580150663
2.07399925772
2.07223601919
2.07051008344
2.06881986207
2.06716387403
2.06554073503
2.06394914803
2.06238789464
2.06085582747
2.05935186311
2.0578749759
2.05642419224
2.0549985855
2.05359727137
2.05221940369
2.05086417066
2.04953079145
2.04821851309
2.04692660769
2.04565436994
2.04440111482
2.04316617555
2.04194890176
2.04074865779
2.03956482119
2.03839678135
2.03724393824
2.03610570129
2.0349814883
2.03387072452
2.03277284174
2.03168727741
2.03061347386
2.02955087752
2.02849893819
2.02745710827
2.02642484204
2.02540159496
2.02438682285
2.0233799812
2.02238052437
2.02138790473
2.02040157188
2.01942097172
2.01844554552
2.01747472895
2.01650795102
2.01554463298
2.01458418715
2.01362601564
2.01266950905
2.01171404501
2.01075898667
2.00980368102
2.00884745717
2.00788962441
2.0069294702
2.0059662579
2.00499922444
2.00402757768
2.00305049362
2.00206711332
2.00107653958
2.00007783326
1.99907000937
1.99805203264
1.99702281277
1.99598119918
1.99492597517
1.99385585158
1.9927694597
1.99166534347
1.99054195073
1.98939762367
1.988230588
1.98703894098
1.98582063804
1.9845734777
1.98329508477
1.98198289134
1.98063411545
1.97924573692
1.97781447012
1.97633673298
1.97480861186
1.97322582155
1.97158365967
1.96987695451
1.96810000537
1.96624651409
1.96430950635
1.96228124114
1.96015310622
1.95791549753
1.95555767961
1.95306762406
1.95043182223
1.94763506817
1.94466020681
1.94148784219
1.93809599967
1.93445973586
1.93055068961
1.9263365681
1.92178056296
1.91684069441
1.91146908634
1.90561118455
1.8992049449
1.89218004249
1.88445719076
1.87594771755
1.86655363287
1.85616855214
1.84468002191
1.8319740437
1.81794290373
1.80249775314
1.78558762317
1.76722641229
1.74752827468
1.72674882286
1.70532349755
1.6838850421
1.66323229158
1.64422212749
1.6275802339
1.61367841864
1.60237675534
1.59302283132
1.58462162746
1.57609725424
1.56653393962
1.55531817503
1.5421658591
1.52706671269
1.51019575791
1.49183225244
1.47230498702
1.45196344752
1.43116404496
1.41025965435
1.38958567818
1.36944238906
1.3500778062
1.33167618987
1.31435505021
1.29817037839
1.28312748823
1.26919415377
1.2563133142
1.24441373605
1.23341806139
1.2232483587
1.21382962268
1.20509174989
1.19697046476
1.18940756965
1.18235078916
1.17575339204
1.16957370905
1.16377461933
1.1583230473
1.15318949242
1.14834760207
1.14377379062
1.13944690342
1.13534792291
1.13145971243
1.12776679355
1.12425515276
1.12091207352
1.11772599032
1.1146863616
1.11178355899
1.10900877047
1.10635391555
1.10381157087
1.10137490464
1.09903761885
1.09679389815
1.09463836455
1.09256603708
1.09057229597
1.08865285061
1.08680371086
1.08502116135
1.08330173844
1.08164220935
1.08003955346
1.07849094535
1.07699373942
1.07554545601
1.07414376874
1.07278649301
1.07147157548
1.07019708456
1.06896120162
1.06776221298
1.06659850261
1.06546854536
1.06437090079
1.06330420747
1.06226717776
1.06125859294
1.06027729878
1.05932220139
1.05839226343
1.05748650057
1.0566039782
1.05574380843
1.05490514723
1.05408719182
1.05328917827
1.05251037917
1.05175010157
1.05100768495
1.05028249945
1.04957394409
1.04888144521
1.04820445492
1.04754244975
1.04689492928
1.04626141496
1.04564144891
1.04503459283
1.04444042704
1.04385854946
1.04328857474
1.0427301334
1.04218287105
1.04164644763
1.0411205367
1.04060482478
1.04009901073
1.03960280513
1.03911592976
1.03863811703
1.03816910952
1.03770865948
1.0372565284
1.03681248658
1.03637631273
1.03594779359
1.03552672359
1.03511290448
1.03470614504
1.03430626074
1.03391307348
1.03352641129
1.0331461081
1.03277200346
1.03240394232
1.03204177479
1.03168535597
1.03133454568
1.03098920833
1.03064921269
1.03031443174
1.0299847425
1.02966002585
1.02934016643
1.02902505242
1.02871457546
1.02840863051
1.02810711569
1.02780993222
1.02751698422
1.0272281787
1.02694342537
1.02666263659
1.02638572726
1.02611261471
1.02584321866
1.02557746106
1.0253152661
1.02505656005
1.02480127126
1.02454933002
1.02430066854
1.02405522087
1.02381292282
1.02357371195
1.02333752745
1.02310431013
1.02287400233
1.02264654793
1.02242189222
1.02219998192
1.0219807651
1.02176419115
1.02155021072
1.02133877572
1.02112983923
1.0209233555
1.0207192799
1.02051756889
1.02031817997
1.02012107169
1.01992620358
1.0197335361
1.0195430307
1.01935464968
1.01916835626
1.0189841145
1.01880188927
1.01862164627
1.01844335198
1.01826697361
1.01809247914
1.01791983726
1.01774901733
1.01757998943
1.01741272426
1.01724719318
1.01708336817
1.01692122181
1.01676072728
1.01660185832
1.01644458923
1.01628889488
1.01613475062
1.01598213235
1.01583101647
1.01568137985
1.01553319985
1.01538645429
1.01524112145
1.01509718002
1.01495460916
1.01481338841
1.01467349775
1.01453491754
1.01439762853
1.01426161184
1.01412684897
1.01399332179
1.01386101248
1.01372990362
1.01359997807
1.01347121905
1.01334361008
1.01321713501
1.01309177798
1.01296752343
1.01284435608
1.01272226095
1.01260122332
1.01248122875
1.01236226306
1.01224431233
1.01212736289
1.01201140132
1.01189641443
1.01178238927
1.01166931312
1.0115571735
1.01144595812
1.01133565494
1.0112262521
1.01111773795
1.01101010107
1.0109033302
1.01079741429
1.01069234248
1.01058810409
1.01048468862
1.01038208576
1.01028028536
1.01017927743
1.01007905217
1.00997959992
1.0098809112
1.00978297667
1.00968578715
1.00958933361
1.00949360717
1.00939859907
1.00930430072
1.00921070366
1.00911779956
1.00902558022
1.00893403758
1.0088431637
1.00875295076
1.00866339107
1.00857447707
1.0084862013
1.00839855642
1.0083115352
1.00822513053
1.00813933541
1.00805414293
1.0079695463
1.00788553884
1.00780211394
1.00771926512
1.00763698599
1.00755527023
1.00747411166
1.00739350415
1.00731344169
1.00723391832
1.00715492822
1.0070764656
1.0069985248
1.00692110022
1.00684418633
1.0067677777
1.00669186898
1.00661645487
1.00654153017
1.00646708975
1.00639312854
1.00631964155
1.00624662386
1.00617407063
1.00610197705
1.00603033843
1.00595915009
1.00588840746
1.00581810601
1.00574824128
1.00567880885
1.0056098044
1.00554122362
1.0054730623
1.00540531627
1.00533798142
1.00527105368
1.00520452904
1.00513840357
1.00507267335
1.00500733454
1.00494238335
1.00487781602
1.00481362886
1.00474981822
1.00468638049
1.00462331212
1.00456060959
1.00449826945
1.00443628826
1.00437466266
1.0043133893
1.0042524649
1.00419188621
1.00413165001
1.00407175314
1.00401219247
1.0039529649
1.00389406739
1.00383549692
1.00377725052
1.00371932524
1.00366171818
1.00360442647
1.00354744729
1.00349077783
1.00343441532
1.00337835705
1.0033226003
1.00326714241
1.00321198076
1.00315711273
1.00310253576
1.0030482473
1.00299424486
1.00294052594
1.00288708809
1.0028339289
1.00278104597
1.00272843693
1.00267609944
1.0026240312
1.00257222992
1.00252069334
1.00246941923
1.00241840539
1.00236764962
1.00231714979
1.00226690375
1.00221690939
1.00216716464
1.00211766744
1.00206841574
1.00201940754
1.00197064085
1.00192211368
1.00187382411
1.00182577019
1.00177795004
1.00173036176
1.00168300349
1.00163587339
1.00158896964
1.00154229044
1.00149583401
1.00144959858
1.00140358241
1.00135778377
1.00131220096
1.0012668323
1.0012216761
1.00117673072
1.00113199453
1.00108746591
1.00104314325
1.00099902498
1.00095510953
1.00091139535
1.0008678809
1.00082456468
1.00078144517
1.00073852089
1.00069579038
1.00065325217
1.00061090483
1.00056874693
1.00052677705
1.00048499382
1.00044339583
1.00040198173
1.00036075015
1.00031969977
1.00027882925
1.00023813728
1.00019762256
1.0001572838
1.00011711973
1.00007712909
1.00003731062
0.999999641436
[5.0, 2.0, 3.5, 1.0] [0, 1, 0] [0.0, 1.0, 0.0] True


True


[6.8, 3.2, 5.9, 2.3] [0, 0, 1] [0.0, 0.0, 1.0] True


True


[5.7, 3.0, 4.2, 1.2] [0, 1, 0] [0.0, 1.0, 0.0] True


True


[4.7, 3.2, 1.3, 0.2] [1, 0, 0] [1.0, 0.0, 0.0] True


True


[6.3, 3.4, 5.6, 2.4] [0, 0, 1] [0.0, 0.0, 1.0] True


True


[6.3, 2.9, 5.6, 1.8] [0, 0, 1] [0.0, 0.0, 1.0] True


True


[7.2, 3.2, 6.0, 1.8] [0, 0, 1] [0.0, 0.0, 1.0] True


True


[5.6, 2.5, 3.9, 1.1] [0, 1, 0] [0.0, 1.0, 0.0] True


True


[5.6, 2.7, 4.2, 1.3] [0, 1, 0] [0.0, 1.0, 0.0] True


True


[6.2, 2.2, 4.5, 1.5] [0, 1, 0] [0.0, 1.0, 0.0] True


True


[5.8, 2.8, 5.1, 2.4] [0, 0, 1] [0.0, 0.0, 1.0] True


True


[5.5, 2.4, 3.8, 1.1] [0, 1, 0] [0.0, 1.0, 0.0] True


True


[7.7, 2.8, 6.7, 2.0] [0, 0, 1] [0.0, 0.0, 1.0] True


True


[6.3, 2.5, 5.0, 1.9] [0, 0, 1] [0.0, 0.0, 1.0] True


True


[6.1, 3.0, 4.9, 1.8] [0, 0, 1] [0.0, 0.0, 1.0] True


True


[4.6, 3.2, 1.4, 0.2] [1, 0, 0] [1.0, 0.0, 0.0] True


True


[6.9, 3.1, 4.9, 1.5] [0, 1, 0] [0.0, 1.0, 0.0] True


True


[4.7, 3.2, 1.6, 0.2] [1, 0, 0] [1.0, 0.0, 0.0] True


True


[6.6, 3.0, 4.4, 1.4] [0, 1, 0] [0.0, 1.0, 0.0] True


True


[4.9, 3.1, 1.5, 0.1] [1, 0, 0] [1.0, 0.0, 0.0] True


True


[6.4, 2.7, 5.3, 1.9] [0, 0, 1] [0.0, 0.0, 1.0] True


True


[5.1, 3.5, 1.4, 0.2] [1, 0, 0] [1.0, 0.0, 0.0] True


True


[5.7, 2.8, 4.5, 1.3] [0, 1, 0] [0.0, 1.0, 0.0] True


True


[6.1, 2.8, 4.7, 1.2] [0, 1, 0] [0.0, 1.0, 0.0] True


True


[6.3, 2.3, 4.4, 1.3] [0, 1, 0] [0.0, 1.0, 0.0] True


True


[6.1, 2.8, 4.0, 1.3] [0, 1, 0] [0.0, 1.0, 0.0] True


True


[6.5, 3.0, 5.5, 1.8] [0, 0, 1] [0.0, 0.0, 1.0] True


True


[5.0, 3.2, 1.2, 0.2] [1, 0, 0] [1.0, 0.0, 0.0] True


True


[5.5, 2.4, 3.7, 1.0] [0, 1, 0] [0.0, 1.0, 0.0] True


True


[5.5, 4.2, 1.4, 0.2] [1, 0, 0] [1.0, 0.0, 0.0] True


True


('true', 30)
('false', 0)
58796
11.9935392541
4.95866916105
3.55245785143
3.00036587039
2.68701674191
2.47498657073
2.31735717264
2.19367354561
2.09344381528
2.01057852162
1.94117105082
1.88250481677
1.83257019633
1.78981269488
1.75299304194
1.72110423684
1.69331879293
1.66895266013
1.6474388206
1.62830686044
1.61116652541
1.59569415497
1.58162135408
1.56872551173
1.55682190176
1.54575715209
1.53540387754
1.52565627635
1.51642651369
1.5076417533
1.49924173266
1.49117679938
1.48340633854
1.47589753125
1.4686243957
1.46156707399
1.45471133908
1.44804830641
1.44157434272
1.43529117268
1.42920619052
1.42333299093
1.41769213982
1.41231221165
1.4072311246
1.40249780713
1.3981742278
1.39433781176
1.39108424809
1.38853065806
1.38681903796
1.38611980463
1.38663514943
1.38860174144
1.39229211265
1.39801381889
1.40610523069
1.41692663102
1.43084528265
1.44821342153
1.46933889998
1.49444957818
1.52365453537
1.55690745031
1.59397939887
1.63444883684
1.67771474034
1.72303452118
1.76958238786
1.81651835388
1.8630553443
1.90851296775
1.95235088116
1.9941803095
2.03375705207
2.0709619397
2.10577510378
2.13824927956
2.16848560096
2.19661364559
2.22277620779
2.24711848261
2.26978095368
2.29089516297
2.3105815846
2.32894894323
2.34609445758
2.36210462329
2.37705626289
2.39101766171
2.40404967619
2.41620675055
2.42753781118
2.43808702988
2.44789446061
2.45699656157
2.46542661782
2.47321508054
2.48038983831
2.48697643444
2.49299824236
2.49847660963
2.50343097897
2.50787899333
2.51183659081
2.51531809369
2.51833629531
2.52090254729
2.52302684918
2.52471794187
2.52598340573
2.52682976354
2.52726258846
2.52728661621
2.5269058606
2.52612373094
2.52494314945
2.52336666616
2.52139656847
2.51903498158
2.51628395547
2.51314553328
2.50962179469
2.50571486719
2.50142689658
2.49675996683
2.4917159582
2.4862963311
2.48050182183
2.47433203582
2.4677849229
2.46085611949
2.45353814292
2.44581942455
2.43768316996
2.42910603731
2.42005662694
2.41049377754
2.40036466492
2.38960269728
2.37812519608
2.3658308412
2.35259684365
2.33827578684
2.3226920485
2.30563768032
2.28686758134
2.26609375595
2.2429784001
2.21712551362
2.18807070096
2.15526881523
2.11807916222
2.07574820358
2.02739028165
1.97196827453
1.90827928004
1.83495778824
1.75052615728
1.65356367783
1.54315978475
1.41998477209
1.28836197859
1.15865004648
1.04588290576
0.999690022155
[5.9, 3.0, 5.1, 1.8] [0, 0, 1] [0.0, 0.0, 1.0] True


True


[5.8, 4.0, 1.2, 0.2] [1, 0, 0] [1.0, 0.0, 0.0] True


True


[5.0, 3.4, 1.5, 0.2] [1, 0, 0] [1.0, 0.0, 0.0] True


True


[5.2, 3.5, 1.5, 0.2] [1, 0, 0] [1.0, 0.0, 0.0] True


True


[6.6, 2.9, 4.6, 1.3] [0, 1, 0] [0.0, 1.0, 0.0] True


True


[5.7, 2.9, 4.2, 1.3] [0, 1, 0] [0.0, 1.0, 0.0] True


True


[6.3, 2.8, 5.1, 1.5] [0, 1, 0] [0.0, 0.0, 1.0] False


False


[6.0, 3.4, 4.5, 1.6] [0, 1, 0] [0.0, 1.0, 0.0] True


True


[6.9, 3.1, 5.4, 2.1] [0, 0, 1] [0.0, 0.0, 1.0] True


True


[6.7, 3.3, 5.7, 2.1] [0, 0, 1] [0.0, 0.0, 1.0] True


True


[6.9, 3.1, 5.1, 2.3] [0, 0, 1] [0.0, 0.0, 1.0] True


True


[6.7, 3.1, 4.7, 1.5] [0, 1, 0] [0.0, 1.0, 0.0] True


True


[5.0, 3.3, 1.4, 0.2] [1, 0, 0] [1.0, 0.0, 0.0] True


True


[6.9, 3.2, 5.7, 2.3] [0, 0, 1] [0.0, 0.0, 1.0] True


True


[6.7, 2.5, 5.8, 1.8] [0, 0, 1] [0.0, 0.0, 1.0] True


True


[5.5, 2.5, 4.0, 1.3] [0, 1, 0] [0.0, 1.0, 0.0] True


True


[4.9, 2.5, 4.5, 1.7] [0, 1, 0] [0.0, 0.0, 1.0] False


False


[6.2, 2.8, 4.8, 1.8] [0, 0, 1] [0.0, 0.0, 1.0] True


True


[4.5, 2.3, 1.3, 0.3] [1, 0, 0] [1.0, 0.0, 0.0] True


True


[5.1, 3.8, 1.9, 0.4] [1, 0, 0] [1.0, 0.0, 0.0] True


True


[5.0, 3.0, 1.6, 0.2] [1, 0, 0] [1.0, 0.0, 0.0] True


True


[5.5, 3.5, 1.3, 0.2] [1, 0, 0] [1.0, 0.0, 0.0] True


True


[4.8, 3.0, 1.4, 0.1] [1, 0, 0] [1.0, 0.0, 0.0] True


True


[5.6, 2.9, 3.6, 1.3] [0, 1, 0] [0.0, 1.0, 0.0] True


True


[6.5, 2.8, 4.6, 1.5] [0, 1, 0] [0.0, 1.0, 0.0] True


True


[4.4, 2.9, 1.4, 0.2] [1, 0, 0] [1.0, 0.0, 0.0] True


True


[6.0, 3.0, 4.8, 1.8] [0, 1, 0] [0.0, 0.0, 1.0] False


False


[6.8, 3.0, 5.5, 2.1] [0, 0, 1] [0.0, 0.0, 1.0] True


True


[5.0, 3.4, 1.6, 0.4] [1, 0, 0] [1.0, 0.0, 0.0] True


True


[7.1, 3.0, 5.9, 2.1] [0, 0, 1] [0.0, 0.0, 1.0] True


True


('true', 27)
('false', 3)
16551
14.4234379446
6.31158807264
4.1262111032
3.32610611978
2.95846005062
2.75711380069
2.62485194739
2.52988389887
2.45737235381
2.39939161978
2.3513473118
2.31041419056
2.27477201316
2.24319981658
2.21484774565
2.18910342215
2.16551124515
2.14372237893
2.12346300344
2.10451366963
2.08669553578
2.0698609422
2.05388676605
2.03866958725
2.02412205553
2.01017007103
1.99675053158
1.98380948819
1.97130060757
1.95918387593
1.94742450132
1.93599198453
1.92485933729
1.91400243008
1.90339945467
1.89303048742
1.88287714025
1.87292228684
1.86314985233
1.85354465597
1.84409229706
1.83477907582
1.82559194215
1.8165184663
1.80754682679
1.79866581161
1.78986482997
1.78113393216
1.77246383582
1.76384595721
1.7552724463
1.74673622452
1.73823102415
1.72975142793
1.72129290768
1.71285186008
1.70442563796
1.69601257479
1.68761200035
1.67922424522
1.67085063177
1.66249344989
1.65415591548
1.64584211107
1.63755690774
1.62930586928
1.6210951396
1.61293131603
1.60482131146
1.59677220934
1.58879111589
1.58088501415
1.57306062444
1.56532427548
1.55768178986
1.55013838668
1.54269860345
1.53536623816
1.5281443118
1.52103505042
1.51403988562
1.50715947115
1.50039371377
1.49374181555
1.48720232525
1.48077319643
1.47445184977
1.46823523792
1.46211991083
1.45610208034
1.45017768265
1.44434243797
1.43859190647
1.43292154035
1.42732673138
1.42180285425
1.41634530527
1.4109495369
1.405611088
1.4003256102
1.39508889054
1.38989687077
1.38474566347
1.37963156552
1.37455106897
1.36950086984
1.36447787511
1.35947920806
1.35450221245
1.34954445563
1.34460373102
1.33967805989
1.33476569303
1.32986511212
1.32497503115
1.32009439798
1.31522239596
1.31035844579
1.30550220757
1.30065358283
1.29581271663
1.29097999942
1.28615606852
1.28134180892
1.2765383533
1.27174708064
1.26696961354
1.2622078135
1.25746377424
1.25273981251
1.24803845627
1.24336243008
1.23871463757
1.23409814088
1.22951613733
1.22497193325
1.22046891553
1.21601052094
1.21160020399
1.20724140372
1.20293750996
1.19869183001
1.19450755606
1.19038773423
1.18633523588
1.18235273156
1.17844266831
1.17460725059
1.17084842505
1.16716786949
1.16356698581
1.16004689707
1.15660844836
1.15325221124
1.14997849144
1.14678733936
1.143678563
1.1406517428
1.13770624806
1.13484125428
1.13205576135
1.12934861184
1.12671850937
1.12416403659
1.1216836726
1.11927580961
1.11693876867
1.1146708144
1.11247016861
1.11033502283
1.10826354959
1.10625391272
1.10430427638
1.10241281318
1.1005777112
1.09879718008
1.09706945626
1.09539280736
1.09376553593
1.09218598236
1.09065252737
1.08916359379
1.08771764804
1.08631320097
1.08494880857
1.08362307217
1.08233463844
1.08108219915
1.07986449074
1.07868029366
1.07752843164
1.07640777082
1.07531721877
1.07425572341
1.073222272
1.07221588993
1.07123563956
1.07028061907
1.06934996123
1.06844283225
1.06755843055
1.06669598563
1.0658547569
1.06503403253
1.0642331284
1.06345138697
1.06268817623
1.06194288874
1.06121494056
1.06050377036
1.05980883849
1.05912962605
1.05846563406
1.05781638266
1.05718141027
1.05656027286
1.05595254319
1.05535781014
1.05477567804
1.05420576597
1.05364770721
1.05310114861
1.05256575001
1.05204118376
1.05152713413
1.05102329685
1.05052937864
1.05004509675
1.04957017849
1.0491043609
1.04864739027
1.04819902179
1.0477590192
1.04732715445
1.04690320733
1.0464869652
1.04607822265
1.04567678123
1.04528244917
1.04489504114
1.04451437793
1.0441402863
1.04377259866
1.04341115293
1.04305579226
1.04270636486
1.04236272383
1.04202472692
1.04169223639
1.04136511883
1.04104324502
1.04072648973
1.04041473161
1.04010785301
1.0398057399
1.03950828167
1.03921537107
1.03892690404
1.03864277961
1.03836289982
1.03808716956
1.03781549651
1.03754779101
1.03728396601
1.03702393693
1.0367676216
1.0365149402
1.03626581513
1.03602017097
1.03577793438
1.03553903407
1.03530340068
1.03507096676
1.03484166668
1.03461543658
1.03439221432
1.0341719394
1.03395455294
1.03373999758
1.03352821749
1.03331915827
1.03311276695
1.03290899189
1.03270778279
1.03250909062
1.0323128676
1.03211906714
1.0319276438
1.03173855329
1.0315517524
1.03136719898
1.03118485192
1.03100467108
1.03082661733
1.03065065243
1.03047673909
1.03030484088
1.03013492225
1.02996694846
1.02980088559
1.02963670052
1.02947436088
1.02931383504
1.02915509209
1.02899810183
1.02884283475
1.02868926198
1.0285373553
1.02838708713
1.02823843048
1.02809135898
1.0279458468
1.0278018687
1.02765939997
1.02751841644
1.02737889446
1.02724081087
1.027104143
1.02696886868
1.02683496618
1.02670241424
1.02657119202
1.02644127914
1.02631265561
1.02618530186
1.02605919872
1.02593432741
1.02581066951
1.025688207
1.02556692218
1.02544679774
1.02532781668
1.02520996236
1.02509321843
1.02497756891
1.02486299807
1.02474949052
1.02463703117
1.02452560518
1.02441519804
1.02430579547
1.02419738349
1.02408994837
1.02398347662
1.02387795504
1.02377337063
1.02366971065
1.02356696259
1.02346511417
1.02336415334
1.02326406824
1.02316484725
1.02306647895
1.02296895211
1.02287225572
1.02277637895
1.02268131117
1.02258704192
1.02249356093
1.02240085812
1.02230892357
1.02221774752
1.02212732041
1.02203763281
1.02194867546
1.02186043927
1.02177291527
1.02168609469
1.02159996885
1.02151452926
1.02142976754
1.02134567546
1.02126224493
1.02117946798
1.02109733678
1.02101584361
1.02093498089
1.02085474116
1.02077511708
1.02069610141
1.02061768705
1.02053986699
1.02046263435
1.02038598234
1.02030990428
1.0202343936
1.02015944384
1.0200850486
1.02001120163
1.01993789674
1.01986512784
1.01979288896
1.01972117417
1.01964997767
1.01957929373
1.01950911672
1.01943944107
1.0193702613
1.01930157204
1.01923336795
1.0191656438
1.01909839443
1.01903161476
1.01896529977
1.01889944453
1.01883404415
1.01876909385
1.01870458889
1.01864052461
1.01857689641
1.01851369975
1.01845093017
1.01838858326
1.01832665467
1.01826514012
1.01820403539
1.0181433363
1.01808303874
1.01802313866
1.01796363206
1.017904515
1.01784578358
1.01778743397
1.01772946238
1.01767186507
1.01761463836
1.0175577786
1.01750128222
1.01744514566
1.01738936544
1.0173339381
1.01727886024
1.0172241285
1.01716973956
1.01711569016
1.01706197705
1.01700859706
1.01695554702
1.01690282385
1.01685042445
1.01679834581
1.01674658493
1.01669513887
1.01664400469
1.01659317953
1.01654266054
1.01649244491
1.01644252986
1.01639291266
1.0163435906
1.016294561
1.01624582123
1.01619736868
1.01614920078
1.01610131497
1.01605370874
1.01600637961
1.01595932513
1.01591254287
1.01586603043
1.01581978545
1.01577380558
1.01572808852
1.01568263199
1.01563743372
1.01559249148
1.01554780306
1.0155033663
1.01545917903
1.01541523912
1.01537154447
1.015328093
1.01528488266
1.0152419114
1.01519917722
1.01515667814
1.01511441218
1.0150723774
1.01503057189
1.01498899374
1.01494764108
1.01490651205
1.01486560481
1.01482491755
1.01478444847
1.01474419579
1.01470415776
1.01466433265
1.01462471873
1.0145853143
1.01454611768
1.01450712721
1.01446834125
1.01442975817
1.01439137635
1.01435319421
1.01431521016
1.01427742266
1.01423983016
1.01420243113
1.01416522406
1.01412820746
1.01409137985
1.01405473977
1.01401828578
1.01398201643
1.01394593031
1.01391002603
1.01387430218
1.0138387574
1.01380339033
1.01376819962
1.01373318393
1.01369834196
1.0136636724
1.01362917394
1.01359484533
1.01356068528
1.01352669255
1.01349286589
1.01345920408
1.0134257059
1.01339237014
1.01335919563
1.01332618116
1.01329332559
1.01326062774
1.01322808648
1.01319570066
1.01316346918
1.01313139091
1.01309946474
1.01306768961
1.01303606441
1.01300458808
1.01297325957
1.01294207782
1.01291104179
1.01288015046
1.0128494028
1.0128187978
1.01278833447
1.01275801181
1.01272782884
1.01269778459
1.0126678781
1.01263810841
1.01260847457
1.01257897566
1.01254961073
1.01252037888
1.01249127919
1.01246231076
1.0124334727
1.01240476412
1.01237618414
1.01234773189
1.01231940651
1.01229120715
1.01226313296
1.01223518311
1.01220735675
1.01217965307
1.01215207126
1.0121246105
1.01209726999
1.01207004894
1.01204294656
1.01201596206
1.01198909469
1.01196234366
1.01193570823
1.01190918763
1.01188278112
1.01185648797
1.01183030743
1.01180423878
1.0117782813
1.01175243427
1.01172669699
1.01170106875
1.01167554887
1.01165013663
1.01162483138
1.01159963241
1.01157453907
1.01154955069
1.0115246666
1.01149988615
1.01147520868
1.01145063356
1.01142616015
1.0114017878
1.0113775159
1.01135334382
1.01132927093
1.01130529664
1.01128142033
1.01125764139
1.01123395924
1.01121037327
1.0111868829
1.01116348754
1.01114018663
1.01111697958
1.01109386582
1.01107084479
1.01104791594
1.0110250787
1.01100233253
1.01097967688
1.01095711121
1.01093463497
1.01091224765
1.0108899487
1.01086773761
1.01084561385
1.0108235769
1.01080162626
1.01077976142
1.01075798188
1.01073628712
1.01071467666
1.01069315001
1.01067170667
1.01065034617
1.01062906801
1.01060787173
1.01058675685
1.0105657229
1.01054476942
1.01052389593
1.010503102
1.01048238715
1.01046175093
1.01044119291
1.01042071263
1.01040030965
1.01037998353
1.01035973385
1.01033956016
1.01031946204
1.01029943907
1.01027949082
1.01025961687
1.01023981682
1.01022009024
1.01020043672
1.01018085587
1.01016134728
1.01014191055
1.01012254527
1.01010325107
1.01008402754
1.01006487429
1.01004579095
1.01002677713
1.01000783245
1.00998895652
1.00997014899
1.00995140947
1.00993273761
1.00991413302
1.00989559535
1.00987712423
1.00985871932
1.00984038025
1.00982210667
1.00980389823
1.00978575458
1.00976767537
1.00974966027
1.00973170893
1.00971382101
1.00969599619
1.00967823411
1.00966053446
1.00964289691
1.00962532112
1.00960780678
1.00959035356
1.00957296115
1.00955562922
1.00953835746
1.00952114556
1.0095039932
1.00948690009
1.00946986591
1.00945289035
1.00943597312
1.00941911392
1.00940231245
1.0093855684
1.0093688815
1.00935225144
1.00933567794
1.00931916071
1.00930269945
1.0092862939
1.00926994377
1.00925364877
1.00923740862
1.00922122306
1.00920509181
1.00918901459
1.00917299114
1.00915702118
1.00914110445
1.00912524068
1.0091094296
1.00909367097
1.00907796451
1.00906230997
1.00904670709
1.00903115562
1.0090156553
1.00900020588
1.00898480712
1.00896945875
1.00895416055
1.00893891225
1.00892371363
1.00890856443
1.00889346441
1.00887841335
1.00886341099
1.00884845711
1.00883355146
1.00881869383
1.00880388397
1.00878912166
1.00877440667
1.00875973877
1.00874511773
1.00873054334
1.00871601538
1.00870153361
1.00868709782
1.00867270779
1.00865836331
1.00864406416
1.00862981013
1.008615601
1.00860143656
1.0085873166
1.00857324092
1.0085592093
1.00854522155
1.00853127745
1.0085173768
1.00850351941
1.00848970506
1.00847593356
1.00846220471
1.00844851832
1.00843487418
1.00842127211
1.0084077119
1.00839419338
1.00838071634
1.00836728059
1.00835388595
1.00834053223
1.00832721925
1.00831394681
1.00830071473
1.00828752283
1.00827437093
1.00826125885
1.0082481864
1.00823515342
1.00822215971
1.0082092051
1.00819628943
1.00818341251
1.00817057417
1.00815777423
1.00814501253
1.0081322889
1.00811960317
1.00810695516
1.00809434471
1.00808177166
1.00806923584
1.00805673708
1.00804427522
1.00803185011
1.00801946157
1.00800710944
1.00799479358
1.00798251381
1.00797026998
1.00795806194
1.00794588953
1.00793375259
1.00792165096
1.00790958451
1.00789755306
1.00788555648
1.00787359461
1.0078616673
1.00784977441
1.00783791578
1.00782609126
1.00781430072
1.00780254401
1.00779082097
1.00777913148
1.00776747538
1.00775585253
1.00774426279
1.00773270602
1.00772118209
1.00770969084
1.00769823215
1.00768680588
1.00767541189
1.00766405004
1.0076527202
1.00764142223
1.00763015601
1.00761892139
1.00760771825
1.00759654645
1.00758540587
1.00757429637
1.00756321783
1.00755217012
1.0075411531
1.00753016666
1.00751921066
1.00750828498
1.0074973895
1.00748652409
1.00747568862
1.00746488298
1.00745410704
1.00744336068
1.00743264379
1.00742195623
1.00741129789
1.00740066865
1.0073900684
1.00737949701
1.00736895437
1.00735844036
1.00734795487
1.00733749778
1.00732706897
1.00731666834
1.00730629577
1.00729595115
1.00728563435
1.00727534529
1.00726508383
1.00725484988
1.00724464332
1.00723446404
1.00722431194
1.00721418691
1.00720408883
1.00719401761
1.00718397314
1.00717395531
1.00716396401
1.00715399914
1.0071440606
1.00713414829
1.0071242621
1.00711440192
1.00710456766
1.00709475922
1.00708497649
1.00707521938
1.00706548778
1.0070557816
1.00704610073
1.00703644508
1.00702681456
1.00701720906
1.00700762848
1.00699807274
1.00698854173
1.00697903536
1.00696955353
1.00696009616
1.00695066315
1.0069412544
1.00693186982
1.00692250932
1.0069131728
1.00690386019
1.00689457138
1.00688530628
1.00687606481
1.00686684687
1.00685765238
1.00684848124
1.00683933338
1.00683020869
1.0068211071
1.00681202852
1.00680297286
1.00679394003
1.00678492996
1.00677594254
1.00676697771
1.00675803537
1.00674911545
1.00674021785
1.00673134249
1.0067224893
1.00671365819
1.00670484908
1.00669606188
1.00668729652
1.00667855291
1.00666983098
1.00666113065
1.00665245183
1.00664379445
1.00663515842
1.00662654368
1.00661795013
1.00660937771
1.00660082634
1.00659229594
1.00658378644
1.00657529775
1.0065668298
1.00655838253
1.00654995584
1.00654154967
1.00653316395
1.0065247986
1.00651645354
1.0065081287
1.00649982402
1.00649153941
1.00648327482
1.00647503015
1.00646680535
1.00645860034
1.00645041505
1.00644224941
1.00643410335
1.00642597681
1.0064178697
1.00640978197
1.00640171354
1.00639366435
1.00638563433
1.0063776234
1.00636963151
1.00636165858
1.00635370456
1.00634576936
1.00633785293
1.0063299552
1.0063220761
1.00631421557
1.00630637355
1.00629854997
1.00629074476
1.00628295786
1.00627518921
1.00626743875
1.0062597064
1.00625199212
1.00624429583
1.00623661747
1.00622895698
1.0062213143
1.00621368937
1.00620608213
1.00619849252
1.00619092046
1.00618336592
1.00617582882
1.0061683091
1.00616080671
1.00615332159
1.00614585367
1.00613840291
1.00613096923
1.00612355259
1.00611615292
1.00610877017
1.00610140428
1.00609405519
1.00608672284
1.00607940719
1.00607210816
1.00606482572
1.00605755979
1.00605031033
1.00604307728
1.00603586059
1.00602866019
1.00602147604
1.00601430808
1.00600715626
1.00600002052
1.00599290081
1.00598579708
1.00597870927
1.00597163733
1.00596458121
1.00595754085
1.0059505162
1.00594350722
1.00593651384
1.00592953602
1.00592257371
1.00591562685
1.0059086954
1.0059017793
1.0058948785
1.00588799296
1.00588112261
1.00587426743
1.00586742734
1.00586060231
1.00585379229
1.00584699722
1.00584021705
1.00583345175
1.00582670126
1.00581996553
1.00581324452
1.00580653817
1.00579984644
1.00579316929
1.00578650666
1.00577985851
1.00577322479
1.00576660546
1.00576000047
1.00575340977
1.00574683332
1.00574027107
1.00573372298
1.005727189
1.00572066908
1.00571416319
1.00570767127
1.00570119328
1.00569472919
1.00568827893
1.00568184248
1.00567541978
1.0056690108
1.00566261548
1.00565623379
1.00564986569
1.00564351112
1.00563717005
1.00563084244
1.00562452824
1.0056182274
1.0056119399
1.00560566569
1.00559940472
1.00559315695
1.00558692235
1.00558070087
1.00557449247
1.00556829711
1.00556211474
1.00555594534
1.00554978886
1.00554364525
1.00553751449
1.00553139652
1.00552529131
1.00551919883
1.00551311902
1.00550705185
1.00550099729
1.00549495529
1.00548892582
1.00548290884
1.0054769043
1.00547091217
1.00546493242
1.005458965
1.00545300988
1.00544706701
1.00544113637
1.00543521792
1.00542931161
1.00542341741
1.00541753529
1.00541166521
1.00540580712
1.00539996101
1.00539412682
1.00538830452
1.00538249408
1.00537669546
1.00537090862
1.00536513354
1.00535937017
1.00535361848
1.00534787843
1.00534214999
1.00533643313
1.00533072781
1.00532503399
1.00531935165
1.00531368074
1.00530802123
1.00530237309
1.00529673629
1.00529111079
1.00528549656
1.00527989356
1.00527430177
1.00526872114
1.00526315165
1.00525759326
1.00525204594
1.00524650965
1.00524098437
1.00523547007
1.0052299667
1.00522447424
1.00521899265
1.00521352191
1.00520806198
1.00520261284
1.00519717444
1.00519174676
1.00518632976
1.00518092342
1.0051755277
1.00517014258
1.00516476802
1.00515940399
1.00515405046
1.00514870741
1.00514337479
1.00513805259
1.00513274076
1.00512743929
1.00512214813
1.00511686727
1.00511159667
1.0051063363
1.00510108613
1.00509584613
1.00509061628
1.00508539654
1.00508018689
1.0050749873
1.00506979773
1.00506461817
1.00505944857
1.00505428892
1.00504913919
1.00504399933
1.00503886934
1.00503374918
1.00502863882
1.00502353823
1.0050184474
1.00501336628
1.00500829485
1.00500323309
1.00499818096
1.00499313845
1.00498810552
1.00498308214
1.00497806829
1.00497306395
1.00496806908
1.00496308367
1.00495810767
1.00495314107
1.00494818385
1.00494323596
1.0049382974
1.00493336813
1.00492844812
1.00492353736
1.00491863581
1.00491374345
1.00490886025
1.00490398619
1.00489912125
1.00489426539
1.0048894186
1.00488458084
1.0048797521
1.00487493235
1.00487012156
1.00486531971
1.00486052677
1.00485574272
1.00485096754
1.0048462012
1.00484144368
1.00483669494
1.00483195498
1.00482722376
1.00482250127
1.00481778747
1.00481308234
1.00480838587
1.00480369802
1.00479901877
1.00479434811
1.004789686
1.00478503242
1.00478038735
1.00477575078
1.00477112266
1.00476650299
1.00476189173
1.00475728887
1.00475269439
1.00474810825
1.00474353044
1.00473896094
1.00473439973
1.00472984677
1.00472530206
1.00472076556
1.00471623726
1.00471171713
1.00470720515
1.0047027013
1.00469820556
1.00469371791
1.00468923832
1.00468476678
1.00468030326
1.00467584774
1.0046714002
1.00466696062
1.00466252897
1.00465810525
1.00465368942
1.00464928146
1.00464488136
1.00464048909
1.00463610464
1.00463172798
1.00462735909
1.00462299795
1.00461864454
1.00461429885
1.00460996084
1.00460563051
1.00460130783
1.00459699277
1.00459268533
1.00458838548
1.0045840932
1.00457980848
1.00457553128
1.0045712616
1.00456699941
1.00456274469
1.00455849743
1.0045542576
1.00455002518
1.00454580017
1.00454158253
1.00453737225
1.00453316931
1.00452897368
1.00452478536
1.00452060433
1.00451643055
1.00451226403
1.00450810472
1.00450395263
1.00449980773
1.00449567
1.00449153942
1.00448741597
1.00448329965
1.00447919042
1.00447508827
1.00447099318
1.00446690514
1.00446282413
1.00445875012
1.0044546831
1.00445062306
1.00444656997
1.00444252382
1.0044384846
1.00443445227
1.00443042683
1.00442640826
1.00442239653
1.00441839164
1.00441439357
1.0044104023
1.00440641781
1.00440244008
1.0043984691
1.00439450486
1.00439054732
1.00438659649
1.00438265233
1.00437871484
1.004374784
1.00437085979
1.00436694219
1.00436303119
1.00435912677
1.00435522892
1.00435133761
1.00434745284
1.00434357458
1.00433970283
1.00433583755
1.00433197875
1.0043281264
1.00432428048
1.00432044099
1.0043166079
1.00431278119
1.00430896086
1.00430514689
1.00430133926
1.00429753796
1.00429374296
1.00428995426
1.00428617184
1.00428239569
1.00427862578
1.00427486211
1.00427110465
1.0042673534
1.00426360834
1.00425986945
1.00425613672
1.00425241013
1.00424868967
1.00424497532
1.00424126707
1.00423756491
1.00423386881
1.00423017877
1.00422649476
1.00422281679
1.00421914482
1.00421547885
1.00421181886
1.00420816483
1.00420451676
1.00420087463
1.00419723842
1.00419360812
1.00418998372
1.0041863652
1.00418275254
1.00417914574
1.00417554478
1.00417194965
1.00416836032
1.00416477679
1.00416119905
1.00415762708
1.00415406086
1.00415050039
1.00414694564
1.00414339661
1.00413985328
1.00413631564
1.00413278368
1.00412925737
1.00412573672
1.00412222169
1.00411871229
1.0041152085
1.0041117103
1.00410821768
1.00410473064
1.00410124914
1.00409777319
1.00409430277
1.00409083787
1.00408737846
1.00408392455
1.00408047612
1.00407703315
1.00407359563
1.00407016355
1.0040667369
1.00406331566
1.00405989982
1.00405648937
1.0040530843
1.00404968459
1.00404629023
1.00404290121
1.00403951752
1.00403613914
1.00403276606
1.00402939827
1.00402603575
1.00402267851
1.00401932651
1.00401597976
1.00401263823
1.00400930192
1.00400597081
1.0040026449
1.00399932417
1.0039960086
1.00399269819
1.00398939293
1.0039860928
1.00398279779
1.00397950789
1.00397622309
1.00397294337
1.00396966873
1.00396639915
1.00396313462
1.00395987514
1.00395662068
1.00395337123
1.0039501268
1.00394688735
1.00394365289
1.00394042341
1.00393719888
1.0039339793
1.00393076465
1.00392755494
1.00392435014
1.00392115024
1.00391795524
1.00391476512
1.00391157987
1.00390839948
1.00390522394
1.00390205323
1.00389888736
1.0038957263
1.00389257005
1.00388941859
1.00388627192
1.00388313002
1.00387999288
1.00387686049
1.00387373285
1.00387060994
1.00386749174
1.00386437826
1.00386126948
1.00385816538
1.00385506597
1.00385197122
1.00384888113
1.00384579569
1.00384271488
1.0038396387
1.00383656714
1.00383350018
1.00383043782
1.00382738005
1.00382432685
1.00382127821
1.00381823414
1.0038151946
1.00381215961
1.00380912913
1.00380610318
1.00380308173
1.00380006477
1.0037970523
1.00379404431
1.00379104079
1.00378804172
1.00378504709
1.0037820569
1.00377907115
1.0037760898
1.00377311287
1.00377014033
1.00376717219
1.00376420842
1.00376124902
1.00375829398
1.00375534329
1.00375239695
1.00374945493
1.00374651724
1.00374358386
1.00374065479
1.00373773
1.00373480951
1.00373189329
1.00372898133
1.00372607364
1.00372317019
1.00372027098
1.003717376
1.00371448524
1.00371159869
1.00370871635
1.00370583819
1.00370296423
1.00370009444
1.00369722881
1.00369436735
1.00369151003
1.00368865685
1.0036858078
1.00368296288
1.00368012207
1.00367728536
1.00367445275
1.00367162423
1.00366879978
1.00366597941
1.00366316309
1.00366035083
1.00365754261
1.00365473843
1.00365193828
1.00364914214
1.00364635001
1.00364356189
1.00364077775
1.0036379976
1.00363522143
1.00363244923
1.00362968098
1.00362691669
1.00362415633
1.00362139992
1.00361864742
1.00361589885
1.00361315419
1.00361041342
1.00360767655
1.00360494357
1.00360221446
1.00359948922
1.00359676784
1.00359405031
1.00359133663
1.00358862679
1.00358592077
1.00358321857
1.00358052019
1.00357782561
1.00357513483
1.00357244784
1.00356976462
1.00356708518
1.00356440951
1.00356173759
1.00355906943
1.003556405
1.00355374431
1.00355108735
1.0035484341
1.00354578457
1.00354313874
1.0035404966
1.00353785816
1.00353522339
1.0035325923
1.00352996487
1.0035273411
1.00352472098
1.0035221045
1.00351949166
1.00351688245
1.00351427686
1.00351167488
1.0035090765
1.00350648173
1.00350389055
1.00350130295
1.00349871892
1.00349613847
1.00349356157
1.00349098824
1.00348841845
1.0034858522
1.00348328948
1.00348073029
1.00347817461
1.00347562245
1.00347307379
1.00347052863
1.00346798697
1.00346544878
1.00346291407
1.00346038283
1.00345785505
1.00345533072
1.00345280985
1.00345029241
1.00344777841
1.00344526784
1.00344276069
1.00344025695
1.00343775662
1.00343525968
1.00343276614
1.00343027599
1.00342778922
1.00342530582
1.00342282578
1.00342034911
1.00341787578
1.00341540581
1.00341293917
1.00341047586
1.00340801588
1.00340555922
1.00340310588
1.00340065583
1.00339820909
1.00339576564
1.00339332548
1.0033908886
1.00338845499
1.00338602465
1.00338359756
1.00338117374
1.00337875316
1.00337633582
1.00337392171
1.00337151084
1.00336910318
1.00336669874
1.00336429751
1.00336189949
1.00335950466
1.00335711302
1.00335472456
1.00335233929
1.00334995718
1.00334757824
1.00334520246
1.00334282983
1.00334046035
1.00333809401
1.00333573081
1.00333337073
1.00333101377
1.00332865994
1.00332630921
1.00332396158
1.00332161706
1.00331927562
1.00331693727
1.00331460201
1.00331226981
1.00330994069
1.00330761462
1.00330529161
1.00330297166
1.00330065474
1.00329834087
1.00329603003
1.00329372221
1.00329141742
1.00328911564
1.00328681687
1.0032845211
1.00328222833
1.00327993855
1.00327765176
1.00327536795
1.00327308712
1.00327080925
1.00326853435
1.0032662624
1.00326399341
1.00326172736
1.00325946425
1.00325720408
1.00325494684
1.00325269252
1.00325044111
1.00324819263
1.00324594704
1.00324370436
1.00324146458
1.00323922769
1.00323699368
1.00323476255
1.00323253429
1.00323030891
1.00322808638
1.00322586672
1.0032236499
1.00322143594
1.00321922481
1.00321701652
1.00321481106
1.00321260843
1.00321040862
1.00320821162
1.00320601743
1.00320382605
1.00320163746
1.00319945167
1.00319726866
1.00319508844
1.003192911
1.00319073633
1.00318856442
1.00318639528
1.0031842289
1.00318206527
1.00317990438
1.00317774624
1.00317559083
1.00317343815
1.0031712882
1.00316914097
1.00316699646
1.00316485466
1.00316271556
1.00316057917
1.00315844547
1.00315631446
1.00315418613
1.00315206049
1.00314993753
1.00314781723
1.0031456996
1.00314358463
1.00314147232
1.00313936266
1.00313725565
1.00313515127
1.00313304954
1.00313095043
1.00312885395
1.00312676009
1.00312466886
1.00312258023
1.00312049421
1.00311841079
1.00311632997
1.00311425174
1.00311217611
1.00311010305
1.00310803258
1.00310596467
1.00310389934
1.00310183657
1.00309977637
1.00309771871
1.00309566361
1.00309361106
1.00309156104
1.00308951356
1.00308746862
1.0030854262
1.0030833863
1.00308134892
1.00307931406
1.00307728171
1.00307525185
1.0030732245
1.00307119965
1.00306917728
1.00306715741
1.00306514001
1.00306312509
1.00306111265
1.00305910267
1.00305709516
1.0030550901
1.0030530875
1.00305108735
1.00304908965
1.00304709439
1.00304510157
1.00304311118
1.00304112322
1.00303913768
1.00303715456
1.00303517386
1.00303319557
1.00303121969
1.0030292462
1.00302727512
1.00302530643
1.00302334013
1.00302137622
1.00301941469
1.00301745553
1.00301549875
1.00301354433
1.00301159228
1.00300964259
1.00300769525
1.00300575027
1.00300380763
1.00300186734
1.00299992939
1.00299799377
1.00299606048
1.00299412952
1.00299220088
1.00299027456
1.00298835055
1.00298642885
1.00298450946
1.00298259237
1.00298067758
1.00297876508
1.00297685487
1.00297494695
1.00297304131
1.00297113795
1.00296923686
1.00296733804
1.00296544149
1.0029635472
1.00296165516
1.00295976538
1.00295787785
1.00295599256
1.00295410952
1.00295222872
1.00295035015
1.0029484738
1.00294659969
1.0029447278
1.00294285812
1.00294099066
1.00293912541
1.00293726237
1.00293540153
1.00293354289
1.00293168645
1.0029298322
1.00292798013
1.00292613025
1.00292428255
1.00292243702
1.00292059367
1.00291875249
1.00291691347
1.00291507661
1.00291324191
1.00291140936
1.00290957897
1.00290775072
1.00290592461
1.00290410064
1.00290227881
1.0029004591
1.00289864153
1.00289682608
1.00289501275
1.00289320154
1.00289139244
1.00288958545
1.00288778057
1.00288597778
1.0028841771
1.00288237851
1.00288058202
1.00287878761
1.00287699528
1.00287520504
1.00287341688
1.00287163078
1.00286984676
1.00286806481
1.00286628491
1.00286450708
1.0028627313
1.00286095758
1.0028591859
1.00285741628
1.00285564869
1.00285388314
1.00285211962
1.00285035814
1.00284859869
1.00284684126
1.00284508585
1.00284333246
1.00284158109
1.00283983172
1.00283808436
1.00283633901
1.00283459566
1.00283285431
1.00283111495
1.00282937758
1.0028276422
1.0028259088
1.00282417738
1.00282244794
1.00282072048
1.00281899498
1.00281727145
1.00281554989
1.00281383029
1.00281211264
1.00281039695
1.00280868321
1.00280697142
1.00280526157
1.00280355367
1.0028018477
1.00280014366
1.00279844156
1.00279674139
1.00279504314
1.00279334681
1.0027916524
1.00278995991
1.00278826933
1.00278658065
1.00278489389
1.00278320902
1.00278152606
1.00277984499
1.00277816582
1.00277648853
1.00277481313
1.00277313962
1.00277146798
1.00276979823
1.00276813035
1.00276646434
1.00276480019
1.00276313792
1.0027614775
1.00275981895
1.00275816225
1.0027565074
1.0027548544
1.00275320325
1.00275155394
1.00274990648
1.00274826085
1.00274661706
1.00274497509
1.00274333496
1.00274169665
1.00274006017
1.0027384255
1.00273679265
1.00273516162
1.00273353239
1.00273190497
1.00273027936
1.00272865555
1.00272703354
1.00272541332
1.0027237949
1.00272217827
1.00272056342
1.00271895036
1.00271733908
1.00271572958
1.00271412185
1.0027125159
1.00271091172
1.0027093093
1.00270770865
1.00270610975
1.00270451262
1.00270291724
1.00270132362
1.00269973174
1.00269814162
1.00269655323
1.00269496659
1.00269338168
1.00269179851
1.00269021708
1.00268863737
1.00268705939
1.00268548314
1.00268390861
1.0026823358
1.0026807647
1.00267919531
1.00267762764
1.00267606168
1.00267449742
1.00267293486
1.002671374
1.00266981484
1.00266825737
1.0026667016
1.00266514751
1.00266359511
1.0026620444
1.00266049536
1.002658948
1.00265740232
1.00265585831
1.00265431597
1.0026527753
1.00265123629
1.00264969895
1.00264816326
1.00264662923
1.00264509686
1.00264356613
1.00264203706
1.00264050963
1.00263898385
1.0026374597
1.0026359372
1.00263441633
1.00263289709
1.00263137949
1.00262986351
1.00262834916
1.00262683643
1.00262532532
1.00262381583
1.00262230796
1.0026208017
1.00261929704
1.002617794
1.00261629256
1.00261479272
