(100, 22.2276235851098)
(200, 25.284014978689655)
(300, 25.26678707594662)
(400, 24.8505406828045)
(500, 26.09711378178658)
(600, 26.08474105419174)
(700, 25.283991600898517)
(800, 4.2761072992280065)
(900, 24.506946487156522)
(1000, 26.064066145338295)
(1100, 4.222317149118168)
(1200, 16.42088755504283)
(1300, 6.249843527662041)
(1400, 4.275422966976717)
(1500, 4.2721129699287355)
(1600, 14.885598116060457)
(1700, 10.323184786608097)
(1800, 3.6996175259962145)
(1900, 5.466062118487451)
(2000, 4.023980172969652)
(2100, 10.330003526252513)
(2200, 7.335188042756028)
(2300, 1.9329353423801037)
(2400, 1.927933628516381)
(2500, 1.9265216497462816)
(2600, 1.9257609140196412)
(2700, 1.925217044405601)
(2800, 1.9236947843318162)
(2900, 1.8872342496622576)
(3000, 1.8836696490779283)
(3100, 1.8829257867636335)
(3200, 1.884696976569478)
(3300, 1.8899046550669125)
(3400, 1.895152734655871)
(3500, 1.8888436853401644)
(3600, 1.879293164518994)
(3700, 1.8726576222872031)
(3800, 1.8239341076643312)
(3900, 1.8160816076858124)
(4000, 1.8084859800448687)
(4100, 1.8013666589504744)
(4200, 1.7949224652159421)
(4300, 1.7884471331489866)
(4400, 1.7799342005451422)
(4500, 1.7716289821437736)
(4600, 1.7637129763099553)
(4700, 1.754464132688159)
(4800, 1.7438425211972064)
(4900, 1.7323276357944235)
(5000, 1.722096082787551)
(5100, 1.715377037858963)
(5200, 1.7124033061390367)
(5300, 1.7122535564862225)
(5400, 1.7134413030852993)
(5500, 1.7143221855916886)
(5600, 1.7140270456509064)
(5700, 1.713667685735747)
(5800, 1.7164082365438242)
(5900, 1.7213605000092858)
(6000, 1.7260577089328608)
(6100, 1.7293402003663023)
(6200, 1.7317399237567555)
(6300, 1.734069223586346)
(6400, 1.7367902226098013)
(6500, 1.7392947493311584)
(6600, 1.740724547207714)
(6700, 1.741509026162608)
(6800, 1.8823362292902093)
(6900, 6.198924773219817)
(7000, 2.143421539623408)
(7100, 4.370867490171784)
(7200, 3.05688792077723)
(7300, 2.2472466938778006)
(7400, 3.546706712380604)
(7500, 3.7023227034955166)
(7600, 2.8990287173886573)
(7700, 2.7700477539630395)
(7800, 3.709814482850363)
(7900, 3.1445861333154914)
(8000, 3.6696237165125156)
(8100, 3.702438123266895)
(8200, 3.769429672185725)
(8300, 2.7768892838916157)
(8400, 3.7147786125558997)
(8500, 2.54143901173959)
(8600, 2.985775287151716)
(8700, 3.7234247327342502)
(8800, 3.695267366096284)
(8900, 1.7757837827356306)
(9000, 1.6556240983191677)
(9100, 1.6548550139172693)
(9200, 1.6899822852209383)
(9300, 3.792494100249274)
(9400, 2.5603466589063317)
(9500, 3.705870056063012)
(9600, 2.193492083768688)
(9700, 2.993584995544119)
(9800, 3.234644067554816)
(9900, 3.323153623782681)
(10000, 12.790868929256318)
(10100, 4.854376411978391)
(10200, 2.8858846041853425)
(10300, 1.9241085736211032)
(10400, 1.923726848218322)
(10500, 1.9235827048642182)
(10600, 1.923503976339595)
(10700, 1.9234534231771176)
(10800, 1.923417788044292)
(10900, 1.9233910813926798)
(11000, 1.9233701750182268)
(11100, 1.9233532655602208)
(11200, 1.923339235829988)
(11300, 1.9233273546553857)
(11400, 1.9233171223084462)
(11500, 1.9233081850404712)
(11600, 1.9233002850573238)
(11700, 1.9232932298381327)
(11800, 1.923286872568785)
(11900, 1.923281099243854)
(12000, 1.9232758199192472)
(12100, 1.9232709626316764)
(12200, 1.9232664690795531)
(12300, 1.923262291495827)
(12400, 1.9232583903449678)
(12500, 1.9232547326007747)
(12600, 1.923251290440649)
(12700, 1.923248040243146)
(12800, 1.9232449618095053)
(12900, 1.9232420377527697)
(13000, 1.9232392530137394)
(13100, 1.9232365944739997)
(13200, 1.9232340506439773)
(13300, 1.9232316114095314)
(13400, 1.923229267824599)
(13500, 1.9232270119403791)
(13600, 1.923224836663717)
(13700, 1.9232227356389964)
(13800, 1.9232207031490676)
(13900, 1.923218734031707)
(14000, 1.9232168236088076)
(14100, 1.9232149676260633)
(14200, 1.9232131622013648)
(14300, 1.9232114037804393)
(14400, 1.9232096890985575)
(14500, 1.9232080151473492)
(14600, 1.9232063791459186)
(14700, 1.9232047785156088)
(14800, 1.9232032108578831)
(14900, 1.9232016739348403)
(15000, 1.9232001656520274)
(15100, 1.9231986840431838)
(15200, 1.9231972272566822)
(15300, 1.9231957935434347)
(15400, 1.923194381246046)
(15500, 1.9231929887890904)
(15600, 1.9231916146703323)
(15700, 1.9231902574528021)
(15800, 1.9231889157576028)
(15900, 1.9231875882573681)
(16000, 1.9231862736702985)
(16100, 1.9231849707546995)
(16200, 1.9231836783039686)
(16300, 1.9231823951419886)
(16400, 1.9231811201188687)
(16500, 1.9231798521070012)
(16600, 1.923178589997403)
(16700, 1.9231773326963024)
(16800, 1.9231760791219523)
(16900, 1.9231748282016299)
(17000, 1.9231735788688136)
(17100, 1.9231723300605084)
(17200, 1.9231710807146896)
(17300, 1.923169829767859)
(17400, 1.923168576152685)
(17500, 1.9231673187957026)
(17600, 1.923166056615058)
(17700, 1.9231647885182837)
(17800, 1.9231635134000684)
(17900, 1.9231622301400242)
(18000, 1.923160937600404)
(18100, 1.9231596346237778)
(18200, 1.923158320030626)
(18300, 1.9231569926168441)
(18400, 1.9231556511511354)
(18500, 1.9231542943722668)
(18600, 1.9231529209861822)
(18700, 1.9231515296629424)
(18800, 1.923150119033475)
(18900, 1.923148687686129)
(19000, 1.923147234162986)
(19100, 1.9231457569559443)
(19200, 1.9231442545025212)
(19300, 1.92314272518138)
(19400, 1.9231411673075371)
(19500, 1.9231395791272403)
(19600, 1.9231379588124795)
(19700, 1.9231363044551104)
(19800, 1.923134614060554)
(19900, 1.9231328855410403)
(20000, 1.9231311167083545)
(20100, 1.9231293052660454)
(20200, 1.9231274488010484)
(20300, 1.923125544774679)
(20400, 1.9231235905129223)
(20500, 1.9231215831959771)
(20600, 1.9231195198469706)
(20700, 1.9231173973197673)
(20800, 1.923115212285799)
(20900, 1.923112961219808)
(21000, 1.923110640384408)
(21100, 1.9231082458133415)
(21200, 1.9231057732933263)
(21300, 1.9231032183443073)
(21400, 1.9231005761980167)
(21500, 1.923097841774623)
(21600, 1.9230950096572936)
(21700, 1.923092074064474)
(21800, 1.9230890288196254)
(21900, 1.923085867318171)
(22000, 1.9230825824913735)
(22100, 1.9230791667667988)
(22200, 1.923075612025029)
(22300, 1.9230719095522182)
(22400, 1.9230680499880568)
(22500, 1.9230640232686391)
(22600, 1.923059818563706)
(22700, 1.9230554242076356)
(22800, 1.9230508276235159)
(22900, 1.9230460152395277)
(23000, 1.9230409723968112)
(23100, 1.923035683247859)
(23200, 1.9230301306443836)
(23300, 1.923024296013507)
(23400, 1.9230181592209348)
(23500, 1.923011698419671)
(23600, 1.9230048898826437)
(23700, 1.9229977078174016)
(23800, 1.9229901241608662)
(23900, 1.922982108351854)
(24000, 1.922973627078825)
(24100, 1.9229646440000296)
(24200, 1.9229551194328438)
(24300, 1.922945010008771)
(24400, 1.9229342682900732)
(24500, 1.9229228423435805)
(24600, 1.9229106752666068)
(24700, 1.922897704659291)
(24800, 1.9228838620369268)
(24900, 1.922869072174937)
(25000, 1.9228532523781785)
(25100, 1.9228363116649803)
(25200, 1.9228181498548789)
(25300, 1.9227986565472241)
(25400, 1.922777709975634)
(25500, 1.9227551757206427)
(25600, 1.9227309052595285)
(25700, 1.9227047343281969)
(25800, 1.9226764810649095)
(25900, 1.9226459438991919)
(26000, 1.9226128991412732)
(26100, 1.9225770982174872)
