Neuron 1,2,3


[0, 0, 0, 0, 0] 0 0 0 1 
[0, 0, 0, 0, 1] 0 1 0 0 
[0, 0, 0, 1, 0] 0 1 0 0 
[0, 0, 0, 1, 1] 0 1 0 0 
[0, 0, 1, 0, 0] 0 0 0 1 
[0, 0, 1, 0, 1] 0 1 0 0 
[0, 0, 1, 1, 0] 0 1 0 0 
[0, 0, 1, 1, 1] 0 1 0 0 
[0, 1, 0, 0, 0] 1 0 0 0 
[0, 1, 0, 0, 1] 1 1 1 0 
[0, 1, 0, 1, 0] 0 0 0 1 
[0, 1, 0, 1, 1] 0 1 0 0 
[0, 1, 1, 0, 0] 1 0 0 0 
[0, 1, 1, 0, 1] 1 1 1 0 
[0, 1, 1, 1, 0] 0 0 0 1 
[0, 1, 1, 1, 1] 0 1 0 0 
[1, 0, 0, 0, 0] 0 1 0 0 
[1, 0, 0, 0, 1] 0 1 1 1 
[1, 0, 0, 1, 0] 0 1 0 0 
[1, 0, 0, 1, 1] 0 1 0 0 
[1, 0, 1, 0, 0] 0 1 0 0 
[1, 0, 1, 0, 1] 0 1 1 1 
[1, 0, 1, 1, 0] 0 1 0 0 
[1, 0, 1, 1, 1] 0 1 0 0 
[1, 1, 0, 0, 0] 1 1 1 0 
[1, 1, 0, 0, 1] 1 1 1 0 
[1, 1, 0, 1, 0] 0 1 0 0 
[1, 1, 0, 1, 1] 0 1 1 1 
[1, 1, 1, 0, 0] 1 1 1 0 
[1, 1, 1, 0, 1] 1 1 1 0 
[1, 1, 1, 1, 0] 0 1 0 0 
[1, 1, 1, 1, 1] 0 1 1 1

a = 0
de	00	01	11	10
bc
00	
01
11	 1   1
10   1   1

a = 1

de	00	01	11	10
bc
00	
01
11	 1   1
10   1   1

x1 = b!d


a = 0

de	00	01	11	10
bc
00	     1   1   1
01		 1   1   1
11	     1   1
10       1   1

a = 1
de	00	01	11	10
bc
00	 1   1   1   1
01   1   1   1   1
11	 1   1   1   1
10   1   1   1   1

x2 = a + e + !bd


a = 0

de	00	01	11	10
bc
00	     
01		 
11	     1
10 	     1

a = 1
de	00	01	11	10
bc
00	     1      
01       1      
11	 1   1   1   
10   1   1   1   

x3 = b!de + a (!de + b!d + be)


Neuron - 4

0 0 0 1
0 1 0 0 
0 1 1 1 
1 0 0 0 
1 1 1 0

b/c 00 01 11 10
a 
0 	1   X  X  0
1   0   X  0  X

x4 = !a!b



x1 = i2.!i4
x2 = i1 + i5 + !i2.i4
x3 = i2.!i4.i5 + i1 (!i4.i5 + i2.!i4 + i2.i5)

x4 = !x1.!x2