1. NAND-2
[0, 0] [0, 1] [1, 0] [1, 1] 
convergence reached for [-4, -3, -2] in 19 steps

2. NOR-2
[0, 0] [0, 1] [1, 0] [1, 1] 
convergence reached for [-1, -2, -2] in 10 steps

3. XOR-2
[0, 0] [0, 1] [1, 0] [1, 1] 
cycle observed
[2, -2, 1]
[1, -2, 2]
[0, -1, 2]
[1, -1, 2]
[2, -2, 1]
cycle detected of length 4

4. Palindrome-5
[0, 0, 0, 0, 0] [0, 0, 0, 0, 1] [0, 0, 0, 1, 0] [0, 0, 0, 1, 1] [0, 0, 1, 0, 0] [0, 0, 1, 0, 1] [0, 0, 1, 1, 0] [0, 0, 1, 1, 1] [0, 1, 0, 0, 0] [0, 1, 0, 0, 1] [0, 1, 0, 1, 0] [0, 1, 0, 1, 1] [0, 1, 1, 0, 0] [0, 1, 1, 0, 1] [0, 1, 1, 1, 0] [0, 1, 1, 1, 1] [1, 0, 0, 0, 0] [1, 0, 0, 0, 1] [1, 0, 0, 1, 0] [1, 0, 0, 1, 1] [1, 0, 1, 0, 0] [1, 0, 1, 0, 1] [1, 0, 1, 1, 0] [1, 0, 1, 1, 1] [1, 1, 0, 0, 0] [1, 1, 0, 0, 1] [1, 1, 0, 1, 0] [1, 1, 0, 1, 1] [1, 1, 1, 0, 0] [1, 1, 1, 0, 1] [1, 1, 1, 1, 0] [1, 1, 1, 1, 1] 
cycle observed
[-2, -2, -1, 0, -1, -3]
[-1, -2, -1, 0, -2, -3]
[0, -2, -2, 0, -2, -3]
[-1, -2, -2, 0, -2, -3]
[-2, -2, -1, 0, -1, -3]
cycle detected of length 4

5. Majority-5
[0, 0, 0, 0, 0] [0, 0, 0, 0, 1] [0, 0, 0, 1, 0] [0, 0, 0, 1, 1] [0, 0, 1, 0, 0] [0, 0, 1, 0, 1] [0, 0, 1, 1, 0] [0, 0, 1, 1, 1] [0, 1, 0, 0, 0] [0, 1, 0, 0, 1] [0, 1, 0, 1, 0] [0, 1, 0, 1, 1] [0, 1, 1, 0, 0] [0, 1, 1, 0, 1] [0, 1, 1, 1, 0] [0, 1, 1, 1, 1] [1, 0, 0, 0, 0] [1, 0, 0, 0, 1] [1, 0, 0, 1, 0] [1, 0, 0, 1, 1] [1, 0, 1, 0, 0] [1, 0, 1, 0, 1] [1, 0, 1, 1, 0] [1, 0, 1, 1, 1] [1, 1, 0, 0, 0] [1, 1, 0, 0, 1] [1, 1, 0, 1, 0] [1, 1, 0, 1, 1] [1, 1, 1, 0, 0] [1, 1, 1, 0, 1] [1, 1, 1, 1, 0] [1, 1, 1, 1, 1] 
convergence reached for [9, 4, 4, 4, 3, 3] in 68 steps

6. Parity-6
[0, 0, 0, 0, 0, 0] [0, 0, 0, 0, 0, 1] [0, 0, 0, 0, 1, 0] [0, 0, 0, 0, 1, 1] [0, 0, 0, 1, 0, 0] [0, 0, 0, 1, 0, 1] [0, 0, 0, 1, 1, 0] [0, 0, 0, 1, 1, 1] [0, 0, 1, 0, 0, 0] [0, 0, 1, 0, 0, 1] [0, 0, 1, 0, 1, 0] [0, 0, 1, 0, 1, 1] [0, 0, 1, 1, 0, 0] [0, 0, 1, 1, 0, 1] [0, 0, 1, 1, 1, 0] [0, 0, 1, 1, 1, 1] [0, 1, 0, 0, 0, 0] [0, 1, 0, 0, 0, 1] [0, 1, 0, 0, 1, 0] [0, 1, 0, 0, 1, 1] [0, 1, 0, 1, 0, 0] [0, 1, 0, 1, 0, 1] [0, 1, 0, 1, 1, 0] [0, 1, 0, 1, 1, 1] [0, 1, 1, 0, 0, 0] [0, 1, 1, 0, 0, 1] [0, 1, 1, 0, 1, 0] [0, 1, 1, 0, 1, 1] [0, 1, 1, 1, 0, 0] [0, 1, 1, 1, 0, 1] [0, 1, 1, 1, 1, 0] [0, 1, 1, 1, 1, 1] [1, 0, 0, 0, 0, 0] [1, 0, 0, 0, 0, 1] [1, 0, 0, 0, 1, 0] [1, 0, 0, 0, 1, 1] [1, 0, 0, 1, 0, 0] [1, 0, 0, 1, 0, 1] [1, 0, 0, 1, 1, 0] [1, 0, 0, 1, 1, 1] [1, 0, 1, 0, 0, 0] [1, 0, 1, 0, 0, 1] [1, 0, 1, 0, 1, 0] [1, 0, 1, 0, 1, 1] [1, 0, 1, 1, 0, 0] [1, 0, 1, 1, 0, 1] [1, 0, 1, 1, 1, 0] [1, 0, 1, 1, 1, 1] [1, 1, 0, 0, 0, 0] [1, 1, 0, 0, 0, 1] [1, 1, 0, 0, 1, 0] [1, 1, 0, 0, 1, 1] [1, 1, 0, 1, 0, 0] [1, 1, 0, 1, 0, 1] [1, 1, 0, 1, 1, 0] [1, 1, 0, 1, 1, 1] [1, 1, 1, 0, 0, 0] [1, 1, 1, 0, 0, 1] [1, 1, 1, 0, 1, 0] [1, 1, 1, 0, 1, 1] [1, 1, 1, 1, 0, 0] [1, 1, 1, 1, 0, 1] [1, 1, 1, 1, 1, 0] [1, 1, 1, 1, 1, 1] 
cycle observed
[0, -2, -2, -2, -2, -2, -2]
[-1, -2, -2, -2, -2, -2, -2]
[-2, -2, -2, -2, -2, -1, -1]
[-1, -2, -2, -2, -2, -1, -2]
[0, -2, -2, -2, -2, -2, -2]
cycle detected of length 4
