
START
[8, 3, 5]
[4, 1, 6]
[2, 7, 0]
--------------------
FINAL
[1, 2, 3]
[8, 0, 4]
[7, 6, 5]
--------------------
PATH
[1, 2, 3]
[8, 0, 4]
[7, 6, 5]
--------------------
[1, 0, 3]
[8, 2, 4]
[7, 6, 5]
--------------------
[0, 1, 3]
[8, 2, 4]
[7, 6, 5]
--------------------
[8, 1, 3]
[0, 2, 4]
[7, 6, 5]
--------------------
[8, 1, 3]
[2, 0, 4]
[7, 6, 5]
--------------------
[8, 1, 3]
[2, 4, 0]
[7, 6, 5]
--------------------
[8, 1, 3]
[2, 4, 5]
[7, 6, 0]
--------------------
[8, 1, 3]
[2, 4, 5]
[7, 0, 6]
--------------------
[8, 1, 3]
[2, 4, 5]
[0, 7, 6]
--------------------
[8, 1, 3]
[0, 4, 5]
[2, 7, 6]
--------------------
[8, 1, 3]
[4, 0, 5]
[2, 7, 6]
--------------------
[8, 0, 3]
[4, 1, 5]
[2, 7, 6]
--------------------
[8, 3, 0]
[4, 1, 5]
[2, 7, 6]
--------------------
[8, 3, 5]
[4, 1, 0]
[2, 7, 6]
--------------------
[8, 3, 5]
[4, 1, 6]
[2, 7, 0]
--------------------
Number of steps : 16

START
[1, 3, 4]
[8, 6, 2]
[7, 0, 5]
--------------------
FINAL
[1, 2, 3]
[8, 0, 4]
[7, 6, 5]
--------------------
PATH
[1, 2, 3]
[8, 0, 4]
[7, 6, 5]
--------------------
[1, 0, 3]
[8, 2, 4]
[7, 6, 5]
--------------------
[1, 3, 0]
[8, 2, 4]
[7, 6, 5]
--------------------
[1, 3, 4]
[8, 2, 0]
[7, 6, 5]
--------------------
[1, 3, 4]
[8, 0, 2]
[7, 6, 5]
--------------------
[1, 3, 4]
[8, 6, 2]
[7, 0, 5]
--------------------
Number of steps : 5

START
[2, 8, 1]
[0, 4, 3]
[7, 6, 5]
--------------------
FINAL
[1, 2, 3]
[8, 0, 4]
[7, 6, 5]
--------------------
PATH
[1, 2, 3]
[8, 0, 4]
[7, 6, 5]
--------------------
[1, 0, 3]
[8, 2, 4]
[7, 6, 5]
--------------------
[0, 1, 3]
[8, 2, 4]
[7, 6, 5]
--------------------
[8, 1, 3]
[0, 2, 4]
[7, 6, 5]
--------------------
[8, 1, 3]
[2, 0, 4]
[7, 6, 5]
--------------------
[8, 1, 3]
[2, 4, 0]
[7, 6, 5]
--------------------
[8, 1, 0]
[2, 4, 3]
[7, 6, 5]
--------------------
[8, 0, 1]
[2, 4, 3]
[7, 6, 5]
--------------------
[0, 8, 1]
[2, 4, 3]
[7, 6, 5]
--------------------
[2, 8, 1]
[0, 4, 3]
[7, 6, 5]
--------------------
Number of steps : 18

START
[2, 8, 1]
[4, 6, 3]
[0, 7, 5]
--------------------
FINAL
[1, 2, 3]
[8, 0, 4]
[7, 6, 5]
--------------------
PATH
[1, 2, 3]
[8, 0, 4]
[7, 6, 5]
--------------------
[1, 0, 3]
[8, 2, 4]
[7, 6, 5]
--------------------
[0, 1, 3]
[8, 2, 4]
[7, 6, 5]
--------------------
[8, 1, 3]
[0, 2, 4]
[7, 6, 5]
--------------------
[8, 1, 3]
[2, 0, 4]
[7, 6, 5]
--------------------
[8, 1, 3]
[2, 4, 0]
[7, 6, 5]
--------------------
[8, 1, 0]
[2, 4, 3]
[7, 6, 5]
--------------------
[8, 0, 1]
[2, 4, 3]
[7, 6, 5]
--------------------
[0, 8, 1]
[2, 4, 3]
[7, 6, 5]
--------------------
[2, 8, 1]
[0, 4, 3]
[7, 6, 5]
--------------------
[2, 8, 1]
[4, 0, 3]
[7, 6, 5]
--------------------
[2, 8, 1]
[4, 6, 3]
[7, 0, 5]
--------------------
[2, 8, 1]
[4, 6, 3]
[0, 7, 5]
--------------------
Number of steps : 88

START
[5, 6, 7]
[4, 0, 8]
[3, 2, 1]
--------------------
FINAL
[1, 2, 3]
[8, 0, 4]
[7, 6, 5]
--------------------
PATH
