0.8, 0.1, 20, 2.04557292024
0.8, 0.1, 40, 0.284205059798
0.8, 0.1, 60, 0.10346118403
0.8, 0.1, 80, 0.0587983764227
0.8, 0.1, 100, 0.0399342785387
0.8, 0.1, 120, 0.0297955779331
0.8, 0.1, 140, 0.0235542180986
0.8, 0.2, 20, 1.79420565164
0.8, 0.2, 40, 0.220933866302
0.8, 0.2, 60, 0.0846186957538
0.8, 0.2, 80, 0.0492968397941
0.8, 0.2, 100, 0.0339482731585
0.8, 0.2, 120, 0.0255562159299
0.8, 0.2, 140, 0.0203300451129
0.8, 0.3, 20, 1.58205167884
0.8, 0.3, 40, 0.178512542525
0.8, 0.3, 60, 0.0714393061303
0.8, 0.3, 80, 0.0424507915749
0.8, 0.3, 100, 0.029558696397
0.8, 0.3, 120, 0.0224112091956
0.8, 0.4, 20, 1.3978539862
0.8, 0.4, 40, 0.1489098894
0.8, 0.4, 60, 0.0618340930122
0.8, 0.4, 80, 0.0373392096625
0.8, 0.4, 100, 0.026235640982
0.8, 0.4, 120, 0.0200090634179
0.8, 0.5, 20, 1.23577604529
0.8, 0.5, 40, 0.127360108899
0.8, 0.5, 60, 0.0545231059813
0.8, 0.5, 80, 0.033356774971
0.8, 0.5, 100, 0.023610278037
0.8, 0.6, 20, 1.09293044165
0.8, 0.6, 40, 0.11088623867
0.8, 0.6, 60, 0.0486475627267
0.8, 0.6, 80, 0.0300679358271
0.8, 0.6, 100, 0.0214039094707
0.8, 0.7, 20, 0.967042813948
0.8, 0.7, 40, 0.0975169812864
0.8, 0.7, 60, 0.043625342912
0.8, 0.7, 80, 0.0271817378968
0.8, 0.8, 20, 0.854567964436
0.8, 0.8, 40, 0.0860875692439
0.8, 0.8, 60, 0.0391751155612
0.8, 0.8, 80, 0.0245878103805
0.8, 0.9, 20, 0.750920192592
0.8, 0.9, 40, 0.0760717881103
0.8, 0.9, 60, 0.0352079970516
0.8, 0.9, 80, 0.0222607433764
0.8, 1.0, 20, 0.652433688192
0.8, 1.0, 40, 0.0672058672799
0.8, 1.0, 60, 0.0316260834214
0.8, 1.0, 80, 0.0201350474216
