0.8, 0.1, 20, 0.224119391981
0.8, 0.1, 40, 0.14563372991
0.8, 0.1, 60, 0.106860600306
0.8, 0.1, 80, 0.0834837811639
0.8, 0.1, 100, 0.0679279671387
0.8, 0.1, 120, 0.056913756351
0.8, 0.1, 140, 0.0487590562754
0.8, 0.1, 160, 0.0425104754929
0.8, 0.1, 180, 0.0375892742232
0.8, 0.1, 200, 0.0336254182506
0.8, 0.1, 220, 0.0303722866743
0.8, 0.1, 240, 0.0276597753348
0.8, 0.1, 260, 0.0253671098379
0.8, 0.1, 280, 0.0234063851588
0.8, 0.1, 300, 0.0217122276954
0.8, 0.1, 320, 0.0202350946489
0.8, 0.2, 20, 0.211338449186
0.8, 0.2, 40, 0.13458327657
0.8, 0.2, 60, 0.0975296754014
0.8, 0.2, 80, 0.0755573736464
0.8, 0.2, 100, 0.06113118684
0.8, 0.2, 120, 0.0510210702151
0.8, 0.2, 140, 0.043593194555
0.8, 0.2, 160, 0.0379344739764
0.8, 0.2, 180, 0.0334974574272
0.8, 0.2, 200, 0.02993572261
0.8, 0.2, 220, 0.0270203448546
0.8, 0.2, 240, 0.02459452676
0.8, 0.2, 260, 0.0225475818167
0.8, 0.2, 280, 0.0207993316214
0.8, 0.3, 20, 0.19988927142
0.8, 0.3, 40, 0.124941828007
0.8, 0.3, 60, 0.0895212996254
0.8, 0.3, 80, 0.0688495458533
0.8, 0.3, 100, 0.055441844675
0.8, 0.3, 120, 0.0461287983142
0.8, 0.3, 140, 0.0393306072647
0.8, 0.3, 160, 0.0341760899896
0.8, 0.3, 180, 0.0301486634665
0.8, 0.3, 200, 0.0269243354846
0.8, 0.3, 220, 0.0242905258277
0.8, 0.3, 240, 0.0221024658455
0.8, 0.3, 260, 0.0202584355893
0.8, 0.4, 20, 0.189583564033
0.8, 0.4, 40, 0.116452444742
0.8, 0.4, 60, 0.0825812989268
0.8, 0.4, 80, 0.0631117486447
0.8, 0.4, 100, 0.0506219392916
0.8, 0.4, 120, 0.0420130324159
0.8, 0.4, 140, 0.035762836514
0.8, 0.4, 160, 0.0310422041634
0.8, 0.4, 180, 0.0273642409893
0.8, 0.4, 200, 0.0244258899742
0.8, 0.4, 220, 0.022029491014
0.8, 0.4, 240, 0.0200410715686
0.8, 0.5, 20, 0.180262967026
0.8, 0.5, 40, 0.10891942275
0.8, 0.5, 60, 0.0765172579697
0.8, 0.5, 80, 0.0581576628064
0.8, 0.5, 100, 0.046495497068
0.8, 0.5, 120, 0.0385103796231
0.8, 0.5, 140, 0.0327394458741
0.8, 0.5, 160, 0.0283947060546
0.8, 0.5, 180, 0.0250173576519
0.8, 0.5, 200, 0.0223236781051
0.8, 0.5, 220, 0.0201295424646
0.8, 0.6, 20, 0.171793971216
0.8, 0.6, 40, 0.102190627082
0.8, 0.6, 60, 0.0711803362486
0.8, 0.6, 80, 0.0538448304651
0.8, 0.6, 100, 0.0429298150865
0.8, 0.6, 120, 0.0354991144068
0.8, 0.6, 140, 0.0301494610976
0.8, 0.6, 160, 0.0261325064799
0.8, 0.6, 180, 0.0230157516577
0.8, 0.6, 200, 0.0205332208563
0.8, 0.7, 20, 0.164064124401
0.8, 0.7, 40, 0.0961456249621
0.8, 0.7, 60, 0.0664533448022
0.8, 0.7, 80, 0.0500625175267
0.8, 0.7, 100, 0.0398231129657
0.8, 0.7, 120, 0.0328869060289
0.8, 0.7, 140, 0.0279094341462
0.8, 0.7, 160, 0.0241801004291
0.8, 0.7, 180, 0.0212908720584
0.8, 0.8, 20, 0.156978737814
0.8, 0.8, 40, 0.0906875487953
0.8, 0.8, 60, 0.0622426447514
0.8, 0.8, 80, 0.0467234253575
0.8, 0.8, 100, 0.0370961627517
0.8, 0.8, 120, 0.0306025996752
0.8, 0.8, 140, 0.0259555448456
0.8, 0.8, 160, 0.0224800771545
0.8, 0.9, 20, 0.150457968946
0.8, 0.9, 40, 0.0857373952552
0.8, 0.9, 60, 0.05847247323
0.8, 0.9, 80, 0.0437578778678
0.8, 0.9, 100, 0.034686476164
0.8, 0.9, 120, 0.0285905787771
0.8, 0.9, 140, 0.0242382435177
0.8, 0.9, 160, 0.0209880871256
0.8, 1.0, 20, 0.144434298187
0.8, 1.0, 40, 0.0812299460339
0.8, 1.0, 60, 0.0550808662027
0.8, 1.0, 80, 0.0411096536351
0.8, 1.0, 100, 0.0325441837102
0.8, 1.0, 120, 0.0268068162382
0.8, 1.0, 140, 0.0227185371408
