0.8, 0.1, 20, 0.169345708208
0.8, 0.1, 40, 0.102282034693
0.8, 0.1, 60, 0.0697690613082
0.8, 0.1, 80, 0.0516573129197
0.8, 0.1, 100, 0.040450727555
0.8, 0.1, 120, 0.0329623541149
0.8, 0.1, 140, 0.0276619983075
0.8, 0.1, 160, 0.0237408061858
0.8, 0.1, 180, 0.0207373126818
0.8, 0.2, 20, 0.158907110947
0.8, 0.2, 40, 0.092937086166
0.8, 0.2, 60, 0.0624905683562
0.8, 0.2, 80, 0.0459528367551
0.8, 0.2, 100, 0.0358624727505
0.8, 0.2, 120, 0.0291745154076
0.8, 0.2, 140, 0.0244638593857
0.8, 0.2, 160, 0.02098953768
0.8, 0.3, 20, 0.149323904567
0.8, 0.3, 40, 0.0848842282477
0.8, 0.3, 60, 0.0564073239539
0.8, 0.3, 80, 0.0412632998917
0.8, 0.3, 100, 0.0321256958477
0.8, 0.3, 120, 0.0261066628284
0.8, 0.3, 140, 0.0218824055267
0.8, 0.4, 20, 0.140530342294
0.8, 0.4, 40, 0.0779009265484
0.8, 0.4, 60, 0.0512686823019
0.8, 0.4, 80, 0.0373549709057
0.8, 0.4, 100, 0.0290341457812
0.8, 0.4, 120, 0.0235791454244
0.8, 0.5, 20, 0.132459295775
0.8, 0.5, 40, 0.0718086750037
0.8, 0.5, 60, 0.0468856721661
0.8, 0.5, 80, 0.0340579133748
0.8, 0.5, 100, 0.0264411335243
0.8, 0.5, 120, 0.0214659567588
0.8, 0.6, 20, 0.125045723927
0.8, 0.6, 40, 0.0664634656984
0.8, 0.6, 60, 0.0431139832161
0.8, 0.6, 80, 0.031246302477
0.8, 0.6, 100, 0.0242399960112
0.8, 0.7, 20, 0.118228614593
0.8, 0.7, 40, 0.0617484163842
0.8, 0.7, 60, 0.039842068699
0.8, 0.7, 80, 0.0288254090849
0.8, 0.7, 100, 0.0223516237355
0.8, 0.8, 20, 0.11195185637
0.8, 0.8, 40, 0.0575680831835
0.8, 0.8, 60, 0.0369827179538
0.8, 0.8, 80, 0.0267228200952
0.8, 0.8, 100, 0.0207162924598
0.8, 0.9, 20, 0.106164455689
0.8, 0.9, 40, 0.0538440613433
0.8, 0.9, 60, 0.0344670122411
0.8, 0.9, 80, 0.0248824048006
0.8, 1.0, 20, 0.100820391136
0.8, 1.0, 40, 0.0505115665251
0.8, 1.0, 60, 0.0322399377411
0.8, 1.0, 80, 0.023260095505
