0.8, 0.1, 20, 3.50182877661
0.8, 0.1, 40, 3.5013731172
0.8, 0.1, 60, 3.50099628121
0.8, 0.1, 80, 3.50065436825
0.8, 0.1, 100, 3.50031323221
0.8, 0.1, 120, 3.49994646098
0.8, 0.1, 140, 3.49953302887
0.8, 0.1, 160, 3.49905382062
0.8, 0.1, 180, 3.49848698459
0.8, 0.1, 200, 3.4978028586
0.8, 0.1, 220, 3.49695909615
0.8, 0.1, 240, 3.49589571301
0.8, 0.1, 260, 3.49452903484
0.8, 0.1, 280, 3.49274356343
0.8, 0.1, 300, 3.49038157289
0.8, 0.1, 320, 3.48723177042
0.8, 0.1, 340, 3.48302091673
0.8, 0.1, 360, 3.47741646025
0.8, 0.1, 380, 3.47005443932
0.8, 0.1, 400, 3.46061185592
0.8, 0.1, 420, 3.44892947371
0.8, 0.1, 440, 3.43513576637
0.8, 0.1, 460, 3.41966256496
0.8, 0.1, 480, 3.40310465048
0.8, 0.1, 500, 3.38605137707
0.8, 0.1, 520, 3.36904515084
0.8, 0.1, 540, 3.35263501103
0.8, 0.1, 560, 3.337376253
0.8, 0.1, 580, 3.32372144863
0.8, 0.1, 600, 3.31190316327
0.8, 0.1, 620, 3.30191447795
0.8, 0.1, 640, 3.29357862868
0.8, 0.1, 660, 3.28663714422
0.8, 0.1, 680, 3.28080811366
0.8, 0.1, 700, 3.2758010456
0.8, 0.1, 720, 3.27127826469
0.8, 0.1, 740, 3.26669657538
0.8, 0.1, 760, 3.26065866709
0.8, 0.1, 780, 3.24723375675
0.8, 0.1, 800, 3.19086990521
0.8, 0.1, 820, 2.94340086001
0.8, 0.1, 840, 2.48011340132
0.8, 0.1, 860, 1.49036298993
0.8, 0.1, 880, 0.254536859355
0.8, 0.1, 900, 0.113702051019
0.8, 0.1, 920, 0.0702924050217
0.8, 0.1, 940, 0.050019329786
0.8, 0.1, 960, 0.0384807730605
0.8, 0.1, 980, 0.0311030654401
0.8, 0.1, 1000, 0.0260094600512
0.8, 0.1, 1020, 0.0222960767381
0.8, 0.2, 20, 3.50279059084
0.8, 0.2, 40, 3.50219600917
0.8, 0.2, 60, 3.5016988074
0.8, 0.2, 80, 3.50123896741
0.8, 0.2, 100, 3.50077369663
0.8, 0.2, 120, 3.50027346776
0.8, 0.2, 140, 3.49971490233
0.8, 0.2, 160, 3.49907134217
0.8, 0.2, 180, 3.49830404879
0.8, 0.2, 200, 3.4973555046
0.8, 0.2, 220, 3.49614309838
0.8, 0.2, 240, 3.49455029399
0.8, 0.2, 260, 3.4924135079
0.8, 0.2, 280, 3.48950505661
0.8, 0.2, 300, 3.48551571356
0.8, 0.2, 320, 3.48004602543
0.8, 0.2, 340, 3.4726258269
0.8, 0.2, 360, 3.46279577031
0.8, 0.2, 380, 3.45027908482
0.8, 0.2, 400, 3.43518705218
0.8, 0.2, 420, 3.41806997835
0.8, 0.2, 440, 3.39970971955
0.8, 0.2, 460, 3.38088086952
0.8, 0.2, 480, 3.3623262664
0.8, 0.2, 500, 3.34482006827
0.8, 0.2, 520, 3.32907373363
0.8, 0.2, 540, 3.31552671673
0.8, 0.2, 560, 3.3042542356
0.8, 0.2, 580, 3.29505590357
0.8, 0.2, 600, 3.2876065598
0.8, 0.2, 620, 3.2815676522
0.8, 0.2, 640, 3.27663982085
0.8, 0.2, 660, 3.27257632184
0.8, 0.2, 680, 3.26917775806
0.8, 0.2, 700, 3.2662790692
0.8, 0.2, 720, 3.26373118099
0.8, 0.2, 740, 3.26137087685
0.8, 0.2, 760, 3.25895154232
0.8, 0.2, 780, 3.25591862107
0.8, 0.2, 800, 3.25036437446
0.8, 0.2, 820, 3.23131983705
0.8, 0.2, 840, 3.11798170211
0.8, 0.2, 860, 2.69248903451
0.8, 0.2, 880, 2.06936936149
0.8, 0.2, 900, 0.330628194221
0.8, 0.2, 920, 0.119844077076
0.8, 0.2, 940, 0.069679514525
0.8, 0.2, 960, 0.0481925788312
0.8, 0.2, 980, 0.036483561549
0.8, 0.2, 1000, 0.029189465069
0.8, 0.2, 1020, 0.0242397774558
0.8, 0.2, 1040, 0.0206751142421
0.8, 0.3, 20, 3.50391731224
0.8, 0.3, 40, 3.50314163609
0.8, 0.3, 60, 3.50248694752
0.8, 0.3, 80, 3.50187686108
0.8, 0.3, 100, 3.50126413624
0.8, 0.3, 120, 3.50061880645
0.8, 0.3, 140, 3.49991001847
0.8, 0.3, 160, 3.49909067477
0.8, 0.3, 180, 3.49808906672
0.8, 0.3, 200, 3.49680233444
0.8, 0.3, 220, 3.49508503582
0.8, 0.3, 240, 3.49272998317
0.8, 0.3, 260, 3.48944249185
0.8, 0.3, 280, 3.48481415799
0.8, 0.3, 300, 3.47831246711
0.8, 0.3, 320, 3.46932402298
0.8, 0.3, 340, 3.45731558978
0.8, 0.3, 360, 3.44213158779
0.8, 0.3, 380, 3.42422778018
0.8, 0.3, 400, 3.40452740212
0.8, 0.3, 420, 3.38404633083
0.8, 0.3, 440, 3.36377124007
0.8, 0.3, 460, 3.34473317603
0.8, 0.3, 480, 3.32786079569
0.8, 0.3, 500, 3.31366661118
0.8, 0.3, 520, 3.30215250695
0.8, 0.3, 540, 3.29298616884
0.8, 0.3, 560, 3.2857247266
0.8, 0.3, 580, 3.27995020198
0.8, 0.3, 600, 3.27531848455
0.8, 0.3, 620, 3.27156296614
0.8, 0.3, 640, 3.26848223733
0.8, 0.3, 660, 3.26592525852
0.8, 0.3, 680, 3.26377853135
0.8, 0.3, 700, 3.26195615092
0.8, 0.3, 720, 3.26039242371
0.8, 0.3, 740, 3.25903647689
0.8, 0.3, 760, 3.25784832797
0.8, 0.3, 780, 3.25679599616
0.8, 0.3, 800, 3.25585334489
0.8, 0.3, 820, 3.25499842784
0.8, 0.3, 840, 3.25421216994
0.8, 0.3, 860, 3.25347725043
0.8, 0.3, 880, 3.25277706957
0.8, 0.3, 900, 3.25209466989
0.8, 0.3, 920, 3.25141143358
0.8, 0.3, 940, 3.25070525879
0.8, 0.3, 960, 3.24994764993
0.8, 0.3, 980, 3.24909853676
0.8, 0.3, 1000, 3.24809607764
0.8, 0.3, 1020, 3.24683429621
0.8, 0.3, 1040, 3.24510685038
0.8, 0.3, 1060, 3.24243576542
0.8, 0.3, 1080, 3.23737392505
0.8, 0.3, 1100, 3.22305543996
0.8, 0.3, 1120, 3.14591621374
0.8, 0.3, 1140, 2.76466048747
0.8, 0.3, 1160, 1.14444249425
0.8, 0.3, 1180, 0.152479631505
0.8, 0.3, 1200, 0.0814680943821
0.8, 0.3, 1220, 0.053862943431
0.8, 0.3, 1240, 0.0396316227826
0.8, 0.3, 1260, 0.0310891307104
0.8, 0.3, 1280, 0.0254460185428
0.8, 0.3, 1300, 0.0214644585938
0.8, 0.4, 20, 3.50517589116
0.8, 0.4, 40, 3.50417278824
0.8, 0.4, 60, 3.50332282439
0.8, 0.4, 80, 3.50253704868
0.8, 0.4, 100, 3.50176929237
0.8, 0.4, 120, 3.5009844528
0.8, 0.4, 140, 3.50012855198
0.8, 0.4, 160, 3.49911705508
0.8, 0.4, 180, 3.49783067893
0.8, 0.4, 200, 3.49610319092
0.8, 0.4, 220, 3.4936962697
0.8, 0.4, 240, 3.49026343413
0.8, 0.4, 260, 3.48531093366
0.8, 0.4, 280, 3.47817832425
0.8, 0.4, 300, 3.46809848226
0.8, 0.4, 320, 3.45444378952
0.8, 0.4, 340, 3.43716347986
0.8, 0.4, 360, 3.4170226128
0.8, 0.4, 380, 3.39525437606
0.8, 0.4, 400, 3.37312914621
0.8, 0.4, 420, 3.35195675334
0.8, 0.4, 440, 3.33302055581
0.8, 0.4, 460, 3.31714316932
0.8, 0.4, 480, 3.30443757262
0.8, 0.4, 500, 3.29451237918
0.8, 0.4, 520, 3.28680548937
0.8, 0.4, 540, 3.28078936883
0.8, 0.4, 560, 3.27603985134
0.8, 0.4, 580, 3.27223684463
0.8, 0.4, 600, 3.26914401767
0.8, 0.4, 620, 3.26658697302
0.8, 0.4, 640, 3.26443545061
0.8, 0.4, 660, 3.26259002748
0.8, 0.4, 680, 3.26097236457
0.8, 0.4, 700, 3.25951782061
0.8, 0.4, 720, 3.25816924686
0.8, 0.4, 740, 3.25687058824
0.8, 0.4, 760, 3.25555815108
0.8, 0.4, 780, 3.25414506827
0.8, 0.4, 800, 3.25248729737
0.8, 0.4, 820, 3.25029439014
0.8, 0.4, 840, 3.24684211997
0.8, 0.4, 860, 3.23975221618
0.8, 0.4, 880, 3.21728049288
0.8, 0.4, 900, 3.08745313644
0.8, 0.4, 920, 2.7086026757
0.8, 0.4, 940, 0.496630127178
0.8, 0.4, 960, 0.113792578584
0.8, 0.4, 980, 0.060230903123
0.8, 0.4, 1000, 0.0401203837557
0.8, 0.4, 1020, 0.0297915355164
0.8, 0.4, 1040, 0.0235670927079
0.8, 0.5, 20, 3.50653735197
0.8, 0.5, 40, 3.50525777991
0.8, 0.5, 60, 3.50417797777
0.8, 0.5, 80, 3.50320462594
0.8, 0.5, 100, 3.50229250437
0.8, 0.5, 120, 3.50138339049
0.8, 0.5, 140, 3.50038005526
0.8, 0.5, 160, 3.49914821392
0.8, 0.5, 180, 3.49750882517
0.8, 0.5, 200, 3.49520905477
0.8, 0.5, 220, 3.49187571912
0.8, 0.5, 240, 3.48695964839
0.8, 0.5, 260, 3.47969541889
0.8, 0.5, 280, 3.46915242257
0.8, 0.5, 300, 3.45453816299
0.8, 0.5, 320, 3.43579199789
0.8, 0.5, 340, 3.41389806177
0.8, 0.5, 360, 3.39038734738
0.8, 0.5, 380, 3.36685398813
0.8, 0.5, 400, 3.34497604868
0.8, 0.5, 420, 3.3261908146
0.8, 0.5, 440, 3.31109609506
0.8, 0.5, 460, 3.29943567777
0.8, 0.5, 480, 3.29055183228
0.8, 0.5, 500, 3.28376119314
0.8, 0.5, 520, 3.27850493438
0.8, 0.5, 540, 3.27436602196
0.8, 0.5, 560, 3.27104254325
0.8, 0.5, 580, 3.26831601266
0.8, 0.5, 600, 3.2660255255
0.8, 0.5, 620, 3.26404856954
0.8, 0.5, 640, 3.26228656561
0.8, 0.5, 660, 3.26065251624
0.8, 0.5, 680, 3.25905726229
0.8, 0.5, 700, 3.25738784016
0.8, 0.5, 720, 3.25546106076
0.8, 0.5, 740, 3.25289575038
0.8, 0.5, 760, 3.24865856357
0.8, 0.5, 780, 3.23878635078
0.8, 0.5, 800, 3.19774284392
0.8, 0.5, 820, 2.94257493313
0.8, 0.5, 840, 1.82914164967
0.8, 0.5, 860, 0.169261679736
0.8, 0.5, 880, 0.0709256856298
0.8, 0.5, 900, 0.0436852579345
0.8, 0.5, 920, 0.0311853114914
0.8, 0.5, 940, 0.024093165745
0.8, 0.6, 20, 3.50797634014
0.8, 0.6, 40, 3.50637027367
0.8, 0.6, 60, 3.50503410967
0.8, 0.6, 80, 3.50387931321
0.8, 0.6, 100, 3.50284663685
0.8, 0.6, 120, 3.50182736277
0.8, 0.6, 140, 3.50066726222
0.8, 0.6, 160, 3.49917589426
0.8, 0.6, 180, 3.49709977297
0.8, 0.6, 200, 3.49406729264
0.8, 0.6, 220, 3.48951606718
0.8, 0.6, 240, 3.48262255823
0.8, 0.6, 260, 3.47230875132
0.8, 0.6, 280, 3.45753298026
0.8, 0.6, 300, 3.43802872561
0.8, 0.6, 320, 3.41484709926
0.8, 0.6, 340, 3.38981349027
0.8, 0.6, 360, 3.36489646838
0.8, 0.6, 380, 3.34216451295
0.8, 0.6, 400, 3.32320813017
0.8, 0.6, 420, 3.3084425847
0.8, 0.6, 440, 3.29733149841
0.8, 0.6, 460, 3.28902598401
0.8, 0.6, 480, 3.2827554266
0.8, 0.6, 500, 3.27793377926
0.8, 0.6, 520, 3.27414217292
0.8, 0.6, 540, 3.27108468942
0.8, 0.6, 560, 3.26854901294
0.8, 0.6, 580, 3.26637696811
0.8, 0.6, 600, 3.26444231504
0.8, 0.6, 620, 3.26263111984
0.8, 0.6, 640, 3.26081751855
0.8, 0.6, 660, 3.25881881978
0.8, 0.6, 680, 3.2562787558
0.8, 0.6, 700, 3.25225911526
0.8, 0.6, 720, 3.24318571967
0.8, 0.6, 740, 3.20531802455
0.8, 0.6, 760, 2.95250399707
0.8, 0.6, 780, 1.51349542641
0.8, 0.6, 800, 0.14906291516
0.8, 0.6, 820, 0.064472627756
0.8, 0.6, 840, 0.0401423150398
0.8, 0.6, 860, 0.02881675029
0.8, 0.6, 880, 0.0223373580861
0.8, 0.7, 20, 3.50947072034
0.8, 0.7, 40, 3.50748925348
0.8, 0.7, 60, 3.50588326227
0.8, 0.7, 80, 3.50457074534
0.8, 0.7, 100, 3.50344483445
0.8, 0.7, 120, 3.50232206199
0.8, 0.7, 140, 3.5009877869
0.8, 0.7, 160, 3.49918982605
0.8, 0.7, 180, 3.49657947764
0.8, 0.7, 200, 3.4926247684
0.8, 0.7, 220, 3.48651001608
0.8, 0.7, 240, 3.47707489958
0.8, 0.7, 260, 3.46300004882
0.8, 0.7, 280, 3.44358494649
0.8, 0.7, 300, 3.41968101061
0.8, 0.7, 320, 3.39334650584
0.8, 0.7, 340, 3.36694772662
0.8, 0.7, 360, 3.34298765769
0.8, 0.7, 380, 3.3233348004
0.8, 0.7, 400, 3.30836034357
0.8, 0.7, 420, 3.29732830785
0.8, 0.7, 440, 3.2892216628
0.8, 0.7, 460, 3.28317556135
0.8, 0.7, 480, 3.27856066226
0.8, 0.7, 500, 3.27494045368
0.8, 0.7, 520, 3.27201201707
0.8, 0.7, 540, 3.26955866953
0.8, 0.7, 560, 3.26741518681
0.8, 0.7, 580, 3.26543931786
0.8, 0.7, 600, 3.26347952929
0.8, 0.7, 620, 3.26131704623
0.8, 0.7, 640, 3.25850931586
0.8, 0.7, 660, 3.25379082951
0.8, 0.7, 680, 3.24154276829
0.8, 0.7, 700, 3.17376075308
0.8, 0.7, 720, 2.8396357302
0.8, 0.7, 740, 1.00430131604
0.8, 0.7, 760, 0.092839131996
0.8, 0.7, 780, 0.0489477536777
0.8, 0.7, 800, 0.032723020782
0.8, 0.7, 820, 0.024379619018
0.8, 0.8, 20, 3.51100122649
0.8, 0.8, 40, 3.50859911533
0.8, 0.8, 60, 3.50672677806
0.8, 0.8, 80, 3.50529212558
0.8, 0.8, 100, 3.50409554791
0.8, 0.8, 120, 3.50286806412
0.8, 0.8, 140, 3.50133724661
0.8, 0.8, 160, 3.49918006334
0.8, 0.8, 180, 3.49592516513
0.8, 0.8, 200, 3.49083029268
0.8, 0.8, 220, 3.48275862608
0.8, 0.8, 240, 3.47019987386
0.8, 0.8, 260, 3.45187851104
0.8, 0.8, 280, 3.4280483304
0.8, 0.8, 300, 3.40078157671
0.8, 0.8, 320, 3.37282872258
0.8, 0.8, 340, 3.34717430459
0.8, 0.8, 360, 3.32618223074
0.8, 0.8, 380, 3.31040365231
0.8, 0.8, 400, 3.29898760202
0.8, 0.8, 420, 3.29074211537
0.8, 0.8, 440, 3.28467751769
0.8, 0.8, 460, 3.28009362049
0.8, 0.8, 480, 3.27651643122
0.8, 0.8, 500, 3.27362241354
0.8, 0.8, 520, 3.27118070931
0.8, 0.8, 540, 3.26901046211
0.8, 0.8, 560, 3.26694200802
0.8, 0.8, 580, 3.26476120916
0.8, 0.8, 600, 3.26207649675
0.8, 0.8, 620, 3.25783843908
0.8, 0.8, 640, 3.24763444796
0.8, 0.8, 660, 3.19479142371
0.8, 0.8, 680, 2.87949058478
0.8, 0.8, 700, 0.779353811444
0.8, 0.8, 720, 0.0913044634571
0.8, 0.8, 740, 0.0469228327476
0.8, 0.8, 760, 0.0311412431096
0.8, 0.8, 780, 0.0231377789482
0.8, 0.9, 20, 3.51255116373
0.8, 0.9, 40, 3.50968977695
0.8, 0.9, 60, 3.50757279035
0.8, 0.9, 80, 3.50605499033
0.8, 0.9, 100, 3.50480203535
0.8, 0.9, 120, 3.50346329074
0.8, 0.9, 140, 3.501711176
0.8, 0.9, 160, 3.49913792488
0.8, 0.9, 180, 3.49511626297
0.8, 0.9, 200, 3.48863712259
0.8, 0.9, 220, 3.47818446051
0.8, 0.9, 240, 3.4619988428
0.8, 0.9, 260, 3.43935545773
0.8, 0.9, 280, 3.41184061292
0.8, 0.9, 300, 3.382474237
0.8, 0.9, 320, 3.35472130079
0.8, 0.9, 340, 3.33167871029
0.8, 0.9, 360, 3.31441792327
0.8, 0.9, 380, 3.30211372274
0.8, 0.9, 400, 3.29338672466
0.8, 0.9, 420, 3.28707423571
0.8, 0.9, 440, 3.28236611599
0.8, 0.9, 460, 3.27872561795
0.8, 0.9, 480, 3.27579308302
0.8, 0.9, 500, 3.27331381302
0.8, 0.9, 520, 3.27108452459
0.8, 0.9, 540, 3.26890057826
0.8, 0.9, 560, 3.2664660286
0.8, 0.9, 580, 3.26313018162
0.8, 0.9, 600, 3.25666797496
0.8, 0.9, 620, 3.23311027213
0.8, 0.9, 640, 3.03228124879
0.8, 0.9, 660, 1.6681508548
0.8, 0.9, 680, 0.110176313588
0.8, 0.9, 700, 0.0495549595146
0.8, 0.9, 720, 0.0316118810848
0.8, 0.9, 740, 0.0230206041569
0.8, 1.0, 20, 3.51410616176
0.8, 1.0, 40, 3.51075664456
0.8, 1.0, 60, 3.50843275233
0.8, 1.0, 80, 3.50686671774
0.8, 1.0, 100, 3.50556396642
0.8, 1.0, 120, 3.50410482336
0.8, 1.0, 140, 3.50210581295
0.8, 1.0, 160, 3.4990563583
0.8, 1.0, 180, 3.49413512843
0.8, 1.0, 200, 3.48600603876
0.8, 1.0, 220, 3.4727513791
0.8, 1.0, 240, 3.45263461713
0.8, 1.0, 260, 3.42602616767
0.8, 1.0, 280, 3.39580228633
0.8, 1.0, 300, 3.36582086299
0.8, 1.0, 320, 3.3400341954
0.8, 1.0, 340, 3.32049863363
0.8, 1.0, 360, 3.30670045726
0.8, 1.0, 380, 3.29709420237
0.8, 1.0, 400, 3.29028240567
0.8, 1.0, 420, 3.28529018754
0.8, 1.0, 440, 3.28148358833
0.8, 1.0, 460, 3.27844708391
0.8, 1.0, 480, 3.27589137263
0.8, 1.0, 500, 3.2735856059
0.8, 1.0, 520, 3.27128871344
0.8, 1.0, 540, 3.26862062799
0.8, 1.0, 560, 3.26462884684
0.8, 1.0, 580, 3.25532473066
0.8, 1.0, 600, 3.20469738514
0.8, 1.0, 620, 2.85784493007
0.8, 1.0, 640, 1.69505901885
0.8, 1.0, 660, 0.0672510977627
0.8, 1.0, 680, 0.0364121425879
0.8, 1.0, 700, 0.0250068735489
