0.8, 0.1, 20, 4.97292257561
0.8, 0.1, 40, 4.96601450093
0.8, 0.1, 60, 4.9595139379
0.8, 0.1, 80, 4.95102878974
0.8, 0.1, 100, 4.94029752824
0.8, 0.1, 120, 4.9271038154
0.8, 0.1, 140, 4.90967630017
0.8, 0.1, 160, 4.8844658775
0.8, 0.1, 180, 4.84423821235
0.8, 0.1, 200, 4.77360115481
0.8, 0.1, 220, 4.66426038697
0.8, 0.1, 240, 4.50175595663
0.8, 0.1, 260, 4.23134045014
0.8, 0.1, 280, 3.78207597119
0.8, 0.1, 300, 3.22783098508
0.8, 0.1, 320, 2.71854174378
0.8, 0.1, 340, 2.30239017148
0.8, 0.1, 360, 1.93893642621
0.8, 0.1, 380, 1.61867921829
0.8, 0.1, 400, 1.29299750735
0.8, 0.1, 420, 0.972025990261
0.8, 0.1, 440, 0.697723028803
0.8, 0.1, 460, 0.490778648963
0.8, 0.1, 480, 0.357991315571
0.8, 0.1, 500, 0.277217919589
0.8, 0.1, 520, 0.225316172559
0.8, 0.2, 20, 4.97174058027
0.8, 0.2, 40, 4.96452294108
0.8, 0.2, 60, 4.95667985556
0.8, 0.2, 80, 4.94611714359
0.8, 0.2, 100, 4.93267629906
0.8, 0.2, 120, 4.91502890606
0.8, 0.2, 140, 4.88903140172
0.8, 0.2, 160, 4.84572508112
0.8, 0.2, 180, 4.76630286876
0.8, 0.2, 200, 4.64081437001
0.8, 0.2, 220, 4.44303344893
0.8, 0.2, 240, 4.08488515325
0.8, 0.2, 260, 3.52516171753
0.8, 0.2, 280, 2.92220465371
0.8, 0.2, 300, 2.40692793597
0.8, 0.2, 320, 1.94820578435
0.8, 0.2, 340, 1.5626814293
0.8, 0.2, 360, 1.17249989557
0.8, 0.2, 380, 0.828933529302
0.8, 0.2, 400, 0.551629226905
0.8, 0.2, 420, 0.379697607099
0.8, 0.2, 440, 0.282614591576
0.8, 0.2, 460, 0.224042947579
0.8, 0.3, 20, 4.97070467975
0.8, 0.3, 40, 4.96294867838
0.8, 0.3, 60, 4.95351775168
0.8, 0.3, 80, 4.94061063953
0.8, 0.3, 100, 4.92372767094
0.8, 0.3, 120, 4.89927388196
0.8, 0.3, 140, 4.85825140688
0.8, 0.3, 160, 4.77935916556
0.8, 0.3, 180, 4.64838525737
0.8, 0.3, 200, 4.43331387618
0.8, 0.3, 220, 4.02119335419
0.8, 0.3, 240, 3.39658654194
0.8, 0.3, 260, 2.7417794728
0.8, 0.3, 280, 2.16086552238
0.8, 0.3, 300, 1.66445472016
0.8, 0.3, 320, 1.21100759418
0.8, 0.3, 340, 0.818144490669
0.8, 0.3, 360, 0.512701226443
0.8, 0.3, 380, 0.345074277473
0.8, 0.3, 400, 0.256153711241
0.8, 0.3, 420, 0.203112652247
0.8, 0.4, 20, 4.96976309944
0.8, 0.4, 40, 4.96126732905
0.8, 0.4, 60, 4.95001012988
0.8, 0.4, 80, 4.93443767151
0.8, 0.4, 100, 4.9128333443
0.8, 0.4, 120, 4.87769093889
0.8, 0.4, 140, 4.80860002956
0.8, 0.4, 160, 4.68348805364
0.8, 0.4, 180, 4.47446660756
0.8, 0.4, 200, 4.0573655549
0.8, 0.4, 220, 3.39437044917
0.8, 0.4, 240, 2.66205946897
0.8, 0.4, 260, 1.99259979619
0.8, 0.4, 280, 1.43911428589
0.8, 0.4, 300, 0.963808130326
0.8, 0.4, 320, 0.570694103124
0.8, 0.4, 340, 0.360403372111
0.8, 0.4, 360, 0.258447060972
0.8, 0.4, 380, 0.200884901003
0.8, 0.5, 20, 4.96888102215
0.8, 0.5, 40, 4.95945944915
0.8, 0.5, 60, 4.94614444133
0.8, 0.5, 80, 4.92742518249
0.8, 0.5, 100, 4.89908748915
0.8, 0.5, 120, 4.84578848704
0.8, 0.5, 140, 4.73731185168
0.8, 0.5, 160, 4.55201243291
0.8, 0.5, 180, 4.17831065177
0.8, 0.5, 200, 3.5156845004
0.8, 0.5, 220, 2.69267528709
0.8, 0.5, 240, 1.93262175757
0.8, 0.5, 260, 1.30002820593
0.8, 0.5, 280, 0.793187956776
0.8, 0.5, 300, 0.443467477281
0.8, 0.5, 320, 0.291655546412
0.8, 0.5, 340, 0.216269599954
0.8, 0.6, 20, 4.96803376376
0.8, 0.6, 40, 4.95750808645
0.8, 0.6, 60, 4.9419024614
0.8, 0.6, 80, 4.91927270942
0.8, 0.6, 100, 4.8810161442
0.8, 0.6, 120, 4.79897937282
0.8, 0.6, 140, 4.64496060147
0.8, 0.6, 160, 4.3475047212
0.8, 0.6, 180, 3.74453582158
0.8, 0.6, 200, 2.86322712987
0.8, 0.6, 220, 1.99014424849
0.8, 0.6, 240, 1.26964601235
0.8, 0.6, 260, 0.711886149394
0.8, 0.6, 280, 0.387566790621
0.8, 0.6, 300, 0.259047156731
0.8, 0.7, 20, 4.96720284875
0.8, 0.7, 40, 4.9553974041
0.8, 0.7, 60, 4.93724538718
0.8, 0.7, 80, 4.90953831299
0.8, 0.7, 100, 4.85592264835
0.8, 0.7, 120, 4.7377968698
0.8, 0.7, 140, 4.51819351872
0.8, 0.7, 160, 4.03554395036
0.8, 0.7, 180, 3.19273621761
0.8, 0.7, 200, 2.18354621403
0.8, 0.7, 220, 1.34867792742
0.8, 0.7, 240, 0.717778263453
0.8, 0.7, 260, 0.372076812285
0.8, 0.7, 280, 0.245923908713
0.8, 0.8, 20, 4.96637365418
0.8, 0.8, 40, 4.95311185308
0.8, 0.8, 60, 4.93209780227
0.8, 0.8, 80, 4.89757865256
0.8, 0.8, 100, 4.82111816847
0.8, 0.8, 120, 4.66191002538
0.8, 0.8, 140, 4.3292626175
0.8, 0.8, 160, 3.63647938492
0.8, 0.8, 180, 2.54253114425
0.8, 0.8, 200, 1.56865221004
0.8, 0.8, 220, 0.821516190518
0.8, 0.8, 240, 0.388715837178
0.8, 0.8, 260, 0.246878630136
0.8, 0.9, 20, 4.96553393769
0.8, 0.9, 40, 4.95063549559
0.8, 0.9, 60, 4.92633370094
0.8, 0.9, 80, 4.88235185527
0.8, 0.9, 100, 4.77664749384
0.8, 0.9, 120, 4.56196071793
0.8, 0.9, 140, 4.06839215627
0.8, 0.9, 160, 3.1069597131
0.8, 0.9, 180, 1.96250461279
0.8, 0.9, 200, 1.04910306608
0.8, 0.9, 220, 0.447589050395
0.8, 0.9, 240, 0.261907525597
0.8, 1.0, 20, 4.96467288062
0.8, 1.0, 40, 4.94795105201
0.8, 1.0, 60, 4.91976403477
0.8, 1.0, 80, 4.86228798975
0.8, 1.0, 100, 4.72305484369
0.8, 1.0, 120, 4.42438223099
0.8, 1.0, 140, 3.74770446905
0.8, 1.0, 160, 2.52447531764
0.8, 1.0, 180, 1.41199785909
0.8, 1.0, 200, 0.596372427063
0.8, 1.0, 220, 0.296589215983
