0.8, 0.1, 20, 0.498730056467
0.8, 0.1, 40, 0.498675765455
0.8, 0.1, 60, 0.498627544732
0.8, 0.1, 80, 0.498583678149
0.8, 0.1, 100, 0.498541426136
0.8, 0.1, 120, 0.498498177701
0.8, 0.1, 140, 0.498451652875
0.8, 0.1, 160, 0.498399866316
0.8, 0.1, 180, 0.498340877835
0.8, 0.1, 200, 0.498272394954
0.8, 0.1, 220, 0.498191296129
0.8, 0.1, 240, 0.498093114493
0.8, 0.1, 260, 0.497971471982
0.8, 0.1, 280, 0.497817396493
0.8, 0.1, 300, 0.497618400214
0.8, 0.1, 320, 0.497357145654
0.8, 0.1, 340, 0.497009470264
0.8, 0.1, 360, 0.496541473278
0.8, 0.1, 380, 0.49590528978
0.8, 0.1, 400, 0.495033102799
0.8, 0.1, 420, 0.49382891475
0.8, 0.1, 440, 0.492157700732
0.8, 0.1, 460, 0.489832027567
0.8, 0.1, 480, 0.486597757858
0.8, 0.1, 500, 0.482124994748
0.8, 0.1, 520, 0.476021392797
0.8, 0.1, 540, 0.467903577276
0.8, 0.1, 560, 0.457573446056
0.8, 0.1, 580, 0.445292255586
0.8, 0.1, 600, 0.431956802472
0.8, 0.1, 620, 0.418848556859
0.8, 0.1, 640, 0.407029504421
0.8, 0.1, 660, 0.396972762453
0.8, 0.1, 680, 0.388663647648
0.8, 0.1, 700, 0.381864102509
0.8, 0.1, 720, 0.376292003486
0.8, 0.1, 740, 0.371694877395
0.8, 0.1, 760, 0.367867850211
0.8, 0.1, 780, 0.364650892236
0.8, 0.1, 800, 0.361920636366
0.8, 0.1, 820, 0.359582116523
0.8, 0.1, 840, 0.357561908672
0.8, 0.1, 860, 0.355802828603
0.8, 0.1, 880, 0.354259952314
0.8, 0.1, 900, 0.352897661748
0.8, 0.1, 920, 0.351687455332
0.8, 0.1, 940, 0.350606319887
0.8, 0.1, 960, 0.349635512607
0.8, 0.1, 980, 0.348759642908
0.8, 0.1, 1000, 0.347965974622
0.8, 0.1, 1020, 0.347243891103
0.8, 0.1, 1040, 0.346584481735
0.8, 0.1, 1060, 0.345980219602
0.8, 0.1, 1080, 0.3454247082
0.8, 0.1, 1100, 0.344912480838
0.8, 0.1, 1120, 0.344438840601
0.8, 0.1, 1140, 0.343999731758
0.8, 0.1, 1160, 0.343591635739
0.8, 0.1, 1180, 0.343211486452
0.8, 0.1, 1200, 0.34285660092
0.8, 0.1, 1220, 0.342524622134
0.8, 0.1, 1240, 0.342213471721
0.8, 0.1, 1260, 0.341921310527
0.8, 0.1, 1280, 0.341646505634
0.8, 0.1, 1300, 0.341387602628
0.8, 0.1, 1320, 0.341143302176
0.8, 0.1, 1340, 0.34091244016
0.8, 0.1, 1360, 0.340693970756
0.8, 0.1, 1380, 0.340486951974
0.8, 0.1, 1400, 0.340290533235
0.8, 0.1, 1420, 0.340103944687
0.8, 0.1, 1440, 0.339926487963
0.8, 0.1, 1460, 0.339757528168
0.8, 0.1, 1480, 0.339596486919
0.8, 0.1, 1500, 0.339442836263
0.8, 0.1, 1520, 0.339296093362
0.8, 0.1, 1540, 0.339155815832
0.8, 0.1, 1560, 0.339021597639
0.8, 0.1, 1580, 0.338893065486
0.8, 0.1, 1600, 0.338769875611
0.8, 0.1, 1620, 0.338651710959
0.8, 0.1, 1640, 0.338538278665
0.8, 0.1, 1660, 0.338429307818
0.8, 0.1, 1680, 0.338324547457
0.8, 0.1, 1700, 0.338223764798
0.8, 0.1, 1720, 0.338126743625
0.8, 0.1, 1740, 0.338033282867
0.8, 0.1, 1760, 0.337943195301
0.8, 0.1, 1780, 0.337856306398
0.8, 0.1, 1800, 0.337772453273
0.8, 0.1, 1820, 0.337691483744
0.8, 0.1, 1840, 0.337613255472
0.8, 0.1, 1860, 0.337537635188
0.8, 0.1, 1880, 0.337464497991
0.8, 0.1, 1900, 0.337393726706
0.8, 0.1, 1920, 0.337325211303
0.8, 0.1, 1940, 0.337258848364
0.8, 0.1, 1960, 0.337194540603
0.8, 0.1, 1980, 0.337132196419
0.8, 0.1, 2000, 0.337071729491
0.8, 0.1, 2020, 0.337013058411
0.8, 0.1, 2040, 0.336956106338
0.8, 0.1, 2060, 0.336900800688
0.8, 0.1, 2080, 0.336847072844
0.8, 0.1, 2100, 0.336794857895
0.8, 0.1, 2120, 0.336744094388
0.8, 0.1, 2140, 0.336694724105
0.8, 0.1, 2160, 0.336646691855
0.8, 0.1, 2180, 0.336599945281
0.8, 0.1, 2200, 0.336554434682
0.8, 0.1, 2220, 0.336510112848
0.8, 0.1, 2240, 0.33646693491
0.8, 0.1, 2260, 0.336424858195
0.8, 0.1, 2280, 0.336383842097
0.8, 0.1, 2300, 0.336343847952
0.8, 0.1, 2320, 0.336304838926
0.8, 0.1, 2340, 0.336266779909
0.8, 0.1, 2360, 0.336229637417
0.8, 0.1, 2380, 0.336193379497
0.8, 0.1, 2400, 0.336157975646
0.8, 0.1, 2420, 0.336123396725
0.8, 0.1, 2440, 0.336089614888
0.8, 0.1, 2460, 0.336056603511
0.8, 0.1, 2480, 0.336024337126
0.8, 0.1, 2500, 0.335992791359
0.8, 0.1, 2520, 0.335961942875
0.8, 0.1, 2540, 0.335931769319
0.8, 0.1, 2560, 0.33590224927
0.8, 0.1, 2580, 0.335873362191
0.8, 0.1, 2600, 0.335845088386
0.8, 0.1, 2620, 0.335817408955
0.8, 0.1, 2640, 0.335790305756
0.8, 0.1, 2660, 0.33576376137
0.8, 0.1, 2680, 0.335737759062
0.8, 0.1, 2700, 0.335712282749
0.8, 0.1, 2720, 0.33568731697
0.8, 0.1, 2740, 0.335662846858
0.8, 0.1, 2760, 0.335638858106
0.8, 0.1, 2780, 0.335615336949
0.8, 0.1, 2800, 0.335592270132
0.8, 0.1, 2820, 0.335569644892
0.8, 0.1, 2840, 0.33554744893
0.8, 0.1, 2860, 0.335525670397
0.8, 0.1, 2880, 0.335504297869
0.8, 0.1, 2900, 0.335483320328
0.8, 0.1, 2920, 0.33546272715
0.8, 0.1, 2940, 0.335442508079
0.8, 0.1, 2960, 0.335422653219
0.8, 0.1, 2980, 0.335403153014
0.8, 0.1, 3000, 0.335383998236
0.8, 0.1, 3020, 0.335365179969
0.8, 0.1, 3040, 0.3353466896
0.8, 0.1, 3060, 0.3353285188
0.8, 0.1, 3080, 0.335310659519
0.8, 0.1, 3100, 0.335293103969
0.8, 0.1, 3120, 0.33527584462
0.8, 0.1, 3140, 0.335258874183
0.8, 0.1, 3160, 0.335242185602
0.8, 0.1, 3180, 0.33522577205
0.8, 0.1, 3200, 0.335209626912
0.8, 0.1, 3220, 0.335193743783
0.8, 0.1, 3240, 0.335178116457
0.8, 0.1, 3260, 0.33516273892
0.8, 0.1, 3280, 0.335147605343
0.8, 0.1, 3300, 0.335132710075
0.8, 0.1, 3320, 0.335118047634
0.8, 0.1, 3340, 0.335103612706
0.8, 0.1, 3360, 0.335089400133
0.8, 0.1, 3380, 0.335075404911
0.8, 0.1, 3400, 0.335061622183
0.8, 0.1, 3420, 0.335048047233
0.8, 0.1, 3440, 0.335034675483
0.8, 0.1, 3460, 0.335021502486
0.8, 0.1, 3480, 0.335008523924
0.8, 0.1, 3500, 0.334995735599
0.8, 0.1, 3520, 0.334983133434
0.8, 0.1, 3540, 0.334970713464
0.8, 0.1, 3560, 0.334958471836
0.8, 0.1, 3580, 0.334946404804
0.8, 0.1, 3600, 0.334934508723
0.8, 0.1, 3620, 0.334922780049
0.8, 0.1, 3640, 0.334911215334
0.8, 0.1, 3660, 0.334899811222
0.8, 0.1, 3680, 0.334888564449
0.8, 0.1, 3700, 0.334877471835
0.8, 0.1, 3720, 0.334866530287
0.8, 0.1, 3740, 0.33485573679
0.8, 0.1, 3760, 0.33484508841
0.8, 0.1, 3780, 0.334834582289
0.8, 0.1, 3800, 0.334824215642
0.8, 0.1, 3820, 0.334813985756
0.8, 0.1, 3840, 0.334803889986
0.8, 0.1, 3860, 0.334793925755
0.8, 0.1, 3880, 0.334784090551
0.8, 0.1, 3900, 0.334774381924
0.8, 0.1, 3920, 0.334764797485
0.8, 0.1, 3940, 0.334755334905
0.8, 0.1, 3960, 0.334745991911
0.8, 0.1, 3980, 0.334736766286
0.8, 0.1, 4000, 0.334727655867
0.8, 0.1, 4020, 0.334718658543
0.8, 0.1, 4040, 0.334709772254
0.8, 0.1, 4060, 0.334700994989
0.8, 0.1, 4080, 0.334692324785
0.8, 0.1, 4100, 0.334683759723
0.8, 0.1, 4120, 0.334675297934
0.8, 0.1, 4140, 0.334666937587
0.8, 0.1, 4160, 0.334658676897
0.8, 0.1, 4180, 0.33465051412
0.8, 0.1, 4200, 0.33464244755
0.8, 0.1, 4220, 0.334634475522
0.8, 0.1, 4240, 0.334626596408
0.8, 0.1, 4260, 0.334618808616
0.8, 0.1, 4280, 0.334611110591
0.8, 0.1, 4300, 0.334603500813
0.8, 0.1, 4320, 0.334595977793
0.8, 0.1, 4340, 0.334588540079
0.8, 0.1, 4360, 0.334581186247
0.8, 0.1, 4380, 0.334573914906
0.8, 0.1, 4400, 0.334566724696
0.8, 0.1, 4420, 0.334559614286
0.8, 0.1, 4440, 0.334552582371
0.8, 0.1, 4460, 0.334545627679
0.8, 0.1, 4480, 0.33453874896
0.8, 0.1, 4500, 0.334531944993
0.8, 0.1, 4520, 0.334525214583
0.8, 0.1, 4540, 0.334518556559
0.8, 0.1, 4560, 0.334511969776
0.8, 0.1, 4580, 0.33450545311
0.8, 0.1, 4600, 0.334499005464
0.8, 0.1, 4620, 0.33449262576
0.8, 0.1, 4640, 0.334486312944
0.8, 0.1, 4660, 0.334480065983
0.8, 0.1, 4680, 0.334473883865
0.8, 0.1, 4700, 0.334467765598
0.8, 0.1, 4720, 0.334461710211
0.8, 0.1, 4740, 0.334455716751
0.8, 0.1, 4760, 0.334449784284
0.8, 0.1, 4780, 0.334443911897
0.8, 0.1, 4800, 0.334438098691
0.8, 0.1, 4820, 0.334432343788
0.8, 0.1, 4840, 0.334426646325
0.8, 0.1, 4860, 0.334421005457
0.8, 0.1, 4880, 0.334415420354
0.8, 0.1, 4900, 0.334409890203
0.8, 0.1, 4920, 0.334404414208
0.8, 0.1, 4940, 0.334398991584
0.8, 0.1, 4960, 0.334393621565
0.8, 0.1, 4980, 0.334388303397
0.8, 0.1, 5000, 0.334383036342
0.8, 0.1, 5020, 0.334377819674
0.8, 0.1, 5040, 0.334372652682
0.8, 0.1, 5060, 0.334367534667
0.8, 0.1, 5080, 0.334362464943
0.8, 0.1, 5100, 0.334357442838
0.8, 0.1, 5120, 0.334352467691
0.8, 0.1, 5140, 0.334347538853
0.8, 0.1, 5160, 0.334342655688
0.8, 0.1, 5180, 0.334337817569
0.8, 0.1, 5200, 0.334333023884
0.8, 0.1, 5220, 0.334328274028
0.8, 0.1, 5240, 0.334323567409
0.8, 0.1, 5260, 0.334318903446
0.8, 0.1, 5280, 0.334314281567
0.8, 0.1, 5300, 0.334309701211
0.8, 0.1, 5320, 0.334305161825
0.8, 0.1, 5340, 0.334300662867
0.8, 0.1, 5360, 0.334296203806
0.8, 0.1, 5380, 0.334291784117
0.8, 0.1, 5400, 0.334287403286
0.8, 0.1, 5420, 0.334283060807
0.8, 0.1, 5440, 0.334278756184
0.8, 0.1, 5460, 0.334274488928
0.8, 0.1, 5480, 0.334270258558
0.8, 0.1, 5500, 0.334266064603
0.8, 0.1, 5520, 0.334261906599
0.8, 0.1, 5540, 0.334257784088
0.8, 0.1, 5560, 0.334253696623
0.8, 0.1, 5580, 0.334249643761
0.8, 0.1, 5600, 0.33424562507
0.8, 0.1, 5620, 0.334241640121
0.8, 0.1, 5640, 0.334237688495
0.8, 0.1, 5660, 0.334233769779
0.8, 0.1, 5680, 0.334229883566
0.8, 0.1, 5700, 0.334226029458
0.8, 0.1, 5720, 0.33422220706
0.8, 0.1, 5740, 0.334218415985
0.8, 0.1, 5760, 0.334214655854
0.8, 0.1, 5780, 0.33421092629
0.8, 0.1, 5800, 0.334207226926
0.8, 0.1, 5820, 0.334203557399
0.8, 0.1, 5840, 0.334199917351
0.8, 0.1, 5860, 0.334196306432
0.8, 0.1, 5880, 0.334192724294
0.8, 0.1, 5900, 0.334189170597
0.8, 0.1, 5920, 0.334185645007
0.8, 0.1, 5940, 0.334182147192
0.8, 0.1, 5960, 0.334178676828
0.8, 0.1, 5980, 0.334175233595
0.8, 0.1, 6000, 0.334171817177
0.8, 0.1, 6020, 0.334168427265
0.8, 0.1, 6040, 0.334165063552
0.8, 0.1, 6060, 0.334161725738
0.8, 0.1, 6080, 0.334158413525
0.8, 0.1, 6100, 0.334155126624
0.8, 0.1, 6120, 0.334151864744
0.8, 0.1, 6140, 0.334148627604
0.8, 0.1, 6160, 0.334145414924
0.8, 0.1, 6180, 0.334142226429
0.8, 0.1, 6200, 0.334139061848
0.8, 0.1, 6220, 0.334135920914
0.8, 0.1, 6240, 0.334132803365
0.8, 0.1, 6260, 0.33412970894
0.8, 0.1, 6280, 0.334126637385
0.8, 0.1, 6300, 0.334123588448
0.8, 0.1, 6320, 0.334120561881
0.8, 0.1, 6340, 0.334117557439
0.8, 0.1, 6360, 0.334114574881
0.8, 0.1, 6380, 0.334111613971
0.8, 0.1, 6400, 0.334108674472
0.8, 0.1, 6420, 0.334105756156
0.8, 0.1, 6440, 0.334102858794
0.8, 0.1, 6460, 0.334099982161
0.8, 0.1, 6480, 0.334097126038
0.8, 0.1, 6500, 0.334094290205
0.8, 0.1, 6520, 0.334091474447
0.8, 0.1, 6540, 0.334088678553
0.8, 0.1, 6560, 0.334085902313
0.8, 0.1, 6580, 0.334083145521
0.8, 0.1, 6600, 0.334080407974
0.8, 0.1, 6620, 0.334077689471
0.8, 0.1, 6640, 0.334074989814
0.8, 0.1, 6660, 0.334072308809
0.8, 0.1, 6680, 0.334069646261
0.8, 0.1, 6700, 0.334067001983
0.8, 0.1, 6720, 0.334064375786
0.8, 0.1, 6740, 0.334061767485
0.8, 0.1, 6760, 0.334059176899
0.8, 0.1, 6780, 0.334056603847
0.8, 0.1, 6800, 0.334054048151
0.8, 0.1, 6820, 0.334051509638
0.8, 0.1, 6840, 0.334048988133
0.8, 0.1, 6860, 0.334046483466
0.8, 0.1, 6880, 0.33404399547
0.8, 0.1, 6900, 0.334041523977
0.8, 0.1, 6920, 0.334039068825
0.8, 0.1, 6940, 0.33403662985
0.8, 0.1, 6960, 0.334034206894
0.8, 0.1, 6980, 0.3340317998
0.8, 0.1, 7000, 0.33402940841
0.8, 0.1, 7020, 0.334027032572
0.8, 0.1, 7040, 0.334024672135
0.8, 0.1, 7060, 0.334022326948
0.8, 0.1, 7080, 0.334019996863
0.8, 0.1, 7100, 0.334017681736
0.8, 0.1, 7120, 0.334015381421
0.8, 0.1, 7140, 0.334013095777
0.8, 0.1, 7160, 0.334010824663
0.8, 0.1, 7180, 0.334008567941
0.8, 0.1, 7200, 0.334006325473
0.8, 0.1, 7220, 0.334004097125
0.8, 0.1, 7240, 0.334001882763
0.8, 0.1, 7260, 0.333999682254
0.8, 0.1, 7280, 0.33399749547
0.8, 0.1, 7300, 0.33399532228
0.8, 0.1, 7320, 0.333993162558
0.8, 0.1, 7340, 0.333991016179
0.8, 0.1, 7360, 0.333988883018
0.8, 0.1, 7380, 0.333986762954
0.8, 0.1, 7400, 0.333984655864
0.8, 0.1, 7420, 0.333982561631
0.8, 0.1, 7440, 0.333980480134
0.8, 0.1, 7460, 0.333978411259
0.8, 0.1, 7480, 0.333976354889
0.8, 0.1, 7500, 0.333974310911
0.8, 0.1, 7520, 0.333972279212
0.8, 0.1, 7540, 0.333970259681
0.8, 0.1, 7560, 0.333968252208
0.8, 0.1, 7580, 0.333966256685
0.8, 0.1, 7600, 0.333964273004
0.8, 0.1, 7620, 0.333962301059
0.8, 0.1, 7640, 0.333960340746
0.8, 0.1, 7660, 0.333958391962
0.8, 0.1, 7680, 0.333956454602
0.8, 0.1, 7700, 0.333954528568
0.8, 0.1, 7720, 0.333952613757
0.8, 0.1, 7740, 0.333950710073
0.8, 0.1, 7760, 0.333948817416
0.8, 0.1, 7780, 0.333946935691
0.8, 0.1, 7800, 0.333945064802
0.8, 0.1, 7820, 0.333943204655
0.8, 0.1, 7840, 0.333941355156
0.8, 0.1, 7860, 0.333939516213
0.8, 0.1, 7880, 0.333937687735
0.8, 0.1, 7900, 0.333935869631
0.8, 0.1, 7920, 0.333934061814
0.8, 0.1, 7940, 0.333932264193
0.8, 0.1, 7960, 0.333930476684
0.8, 0.1, 7980, 0.333928699198
0.8, 0.1, 8000, 0.333926931651
0.8, 0.1, 8020, 0.333925173959
0.8, 0.1, 8040, 0.333923426038
0.8, 0.1, 8060, 0.333921687806
0.8, 0.1, 8080, 0.333919959181
0.8, 0.1, 8100, 0.333918240084
0.8, 0.1, 8120, 0.333916530433
0.8, 0.1, 8140, 0.333914830151
0.8, 0.1, 8160, 0.333913139158
0.8, 0.1, 8180, 0.333911457379
0.8, 0.1, 8200, 0.333909784737
0.8, 0.1, 8220, 0.333908121155
0.8, 0.1, 8240, 0.333906466561
0.8, 0.1, 8260, 0.333904820879
0.8, 0.1, 8280, 0.333903184037
0.8, 0.1, 8300, 0.333901555962
0.8, 0.1, 8320, 0.333899936582
0.8, 0.1, 8340, 0.333898325828
0.8, 0.1, 8360, 0.333896723629
0.8, 0.1, 8380, 0.333895129916
0.8, 0.1, 8400, 0.33389354462
0.8, 0.1, 8420, 0.333891967674
0.8, 0.1, 8440, 0.33389039901
0.8, 0.1, 8460, 0.333888838561
0.8, 0.1, 8480, 0.333887286263
0.8, 0.1, 8500, 0.33388574205
0.8, 0.1, 8520, 0.333884205858
0.8, 0.1, 8540, 0.333882677624
0.8, 0.1, 8560, 0.333881157283
0.8, 0.1, 8580, 0.333879644774
0.8, 0.1, 8600, 0.333878140035
0.8, 0.1, 8620, 0.333876643005
0.8, 0.1, 8640, 0.333875153624
0.8, 0.1, 8660, 0.333873671831
0.8, 0.1, 8680, 0.333872197568
0.8, 0.1, 8700, 0.333870730775
0.8, 0.1, 8720, 0.333869271396
0.8, 0.1, 8740, 0.333867819371
0.8, 0.1, 8760, 0.333866374645
0.8, 0.1, 8780, 0.333864937161
0.8, 0.1, 8800, 0.333863506863
0.8, 0.1, 8820, 0.333862083696
0.8, 0.1, 8840, 0.333860667606
0.8, 0.1, 8860, 0.333859258538
0.8, 0.1, 8880, 0.333857856439
0.8, 0.1, 8900, 0.333856461256
0.8, 0.1, 8920, 0.333855072937
0.8, 0.1, 8940, 0.333853691428
0.8, 0.1, 8960, 0.33385231668
0.8, 0.1, 8980, 0.33385094864
0.8, 0.1, 9000, 0.333849587259
0.8, 0.1, 9020, 0.333848232487
0.8, 0.1, 9040, 0.333846884273
0.8, 0.1, 9060, 0.33384554257
0.8, 0.1, 9080, 0.333844207327
0.8, 0.1, 9100, 0.333842878499
0.8, 0.1, 9120, 0.333841556036
0.8, 0.1, 9140, 0.333840239892
0.8, 0.1, 9160, 0.333838930019
0.8, 0.1, 9180, 0.333837626373
0.8, 0.1, 9200, 0.333836328906
0.8, 0.1, 9220, 0.333835037574
0.8, 0.1, 9240, 0.333833752331
0.8, 0.1, 9260, 0.333832473134
0.8, 0.1, 9280, 0.333831199938
0.8, 0.1, 9300, 0.333829932699
0.8, 0.1, 9320, 0.333828671374
0.8, 0.1, 9340, 0.33382741592
0.8, 0.1, 9360, 0.333826166295
0.8, 0.1, 9380, 0.333824922457
0.8, 0.1, 9400, 0.333823684364
0.8, 0.1, 9420, 0.333822451975
0.8, 0.1, 9440, 0.333821225248
0.8, 0.1, 9460, 0.333820004144
0.8, 0.1, 9480, 0.333818788623
0.8, 0.1, 9500, 0.333817578643
0.8, 0.1, 9520, 0.333816374167
0.8, 0.1, 9540, 0.333815175155
0.8, 0.1, 9560, 0.333813981568
0.8, 0.1, 9580, 0.333812793368
0.8, 0.1, 9600, 0.333811610517
0.8, 0.1, 9620, 0.333810432978
0.8, 0.1, 9640, 0.333809260713
0.8, 0.1, 9660, 0.333808093684
0.8, 0.1, 9680, 0.333806931856
0.8, 0.1, 9700, 0.333805775193
0.8, 0.1, 9720, 0.333804623657
0.8, 0.1, 9740, 0.333803477215
0.8, 0.1, 9760, 0.333802335829
0.8, 0.1, 9780, 0.333801199466
0.8, 0.1, 9800, 0.33380006809
0.8, 0.1, 9820, 0.333798941667
0.8, 0.1, 9840, 0.333797820163
0.8, 0.1, 9860, 0.333796703545
0.8, 0.1, 9880, 0.333795591778
0.8, 0.1, 9900, 0.33379448483
0.8, 0.1, 9920, 0.333793382667
0.8, 0.1, 9940, 0.333792285257
0.8, 0.1, 9960, 0.333791192568
0.8, 0.1, 9980, 0.333790104568
0.8, 0.1, 10000, 0.333789021224
0.8, 0.1, 10020, 0.333787942506
0.8, 0.1, 10040, 0.333786868382
0.8, 0.1, 10060, 0.333785798821
0.8, 0.1, 10080, 0.333784733792
0.8, 0.1, 10100, 0.333783673266
0.8, 0.1, 10120, 0.333782617211
0.8, 0.1, 10140, 0.333781565598
0.8, 0.1, 10160, 0.333780518398
0.8, 0.1, 10180, 0.33377947558
0.8, 0.1, 10200, 0.333778437116
0.8, 0.1, 10220, 0.333777402977
0.8, 0.1, 10240, 0.333776373135
0.8, 0.1, 10260, 0.333775347559
0.8, 0.1, 10280, 0.333774326224
0.8, 0.1, 10300, 0.3337733091
0.8, 0.1, 10320, 0.33377229616
0.8, 0.1, 10340, 0.333771287377
0.8, 0.1, 10360, 0.333770282723
0.8, 0.1, 10380, 0.333769282171
0.8, 0.1, 10400, 0.333768285694
0.8, 0.1, 10420, 0.333767293266
0.8, 0.1, 10440, 0.333766304861
0.8, 0.1, 10460, 0.333765320452
0.8, 0.1, 10480, 0.333764340013
0.8, 0.1, 10500, 0.333763363519
0.8, 0.1, 10520, 0.333762390944
0.8, 0.1, 10540, 0.333761422264
0.8, 0.1, 10560, 0.333760457452
0.8, 0.1, 10580, 0.333759496484
0.8, 0.1, 10600, 0.333758539335
0.8, 0.1, 10620, 0.333757585981
0.8, 0.1, 10640, 0.333756636397
0.8, 0.1, 10660, 0.333755690561
0.8, 0.1, 10680, 0.333754748446
0.8, 0.1, 10700, 0.333753810031
0.8, 0.1, 10720, 0.33375287529
0.8, 0.1, 10740, 0.333751944202
0.8, 0.1, 10760, 0.333751016743
0.8, 0.1, 10780, 0.33375009289
0.8, 0.1, 10800, 0.33374917262
0.8, 0.1, 10820, 0.33374825591
0.8, 0.1, 10840, 0.333747342739
0.8, 0.1, 10860, 0.333746433083
0.8, 0.1, 10880, 0.333745526922
0.8, 0.1, 10900, 0.333744624233
0.8, 0.1, 10920, 0.333743724994
0.8, 0.1, 10940, 0.333742829183
0.8, 0.1, 10960, 0.33374193678
0.8, 0.1, 10980, 0.333741047764
0.8, 0.1, 11000, 0.333740162112
0.8, 0.1, 11020, 0.333739279805
0.8, 0.1, 11040, 0.333738400822
0.8, 0.1, 11060, 0.333737525141
0.8, 0.1, 11080, 0.333736652743
0.8, 0.1, 11100, 0.333735783607
0.8, 0.1, 11120, 0.333734917714
0.8, 0.1, 11140, 0.333734055043
0.8, 0.1, 11160, 0.333733195575
0.8, 0.1, 11180, 0.333732339289
0.8, 0.1, 11200, 0.333731486167
0.8, 0.1, 11220, 0.33373063619
0.8, 0.1, 11240, 0.333729789337
0.8, 0.1, 11260, 0.33372894559
0.8, 0.1, 11280, 0.33372810493
0.8, 0.1, 11300, 0.333727267338
0.8, 0.1, 11320, 0.333726432796
0.8, 0.1, 11340, 0.333725601285
0.8, 0.1, 11360, 0.333724772787
0.8, 0.1, 11380, 0.333723947284
0.8, 0.1, 11400, 0.333723124757
0.8, 0.1, 11420, 0.333722305189
0.8, 0.1, 11440, 0.333721488562
0.8, 0.1, 11460, 0.333720674858
0.8, 0.1, 11480, 0.333719864059
0.8, 0.1, 11500, 0.333719056149
0.8, 0.1, 11520, 0.33371825111
0.8, 0.1, 11540, 0.333717448924
0.8, 0.1, 11560, 0.333716649575
0.8, 0.1, 11580, 0.333715853047
0.8, 0.1, 11600, 0.333715059321
0.8, 0.1, 11620, 0.333714268381
0.8, 0.1, 11640, 0.333713480212
0.8, 0.1, 11660, 0.333712694796
0.8, 0.1, 11680, 0.333711912117
0.8, 0.1, 11700, 0.333711132159
0.8, 0.1, 11720, 0.333710354906
0.8, 0.1, 11740, 0.333709580342
0.8, 0.1, 11760, 0.333708808451
0.8, 0.1, 11780, 0.333708039217
0.8, 0.1, 11800, 0.333707272626
0.8, 0.1, 11820, 0.33370650866
0.8, 0.1, 11840, 0.333705747305
0.8, 0.1, 11860, 0.333704988546
0.8, 0.1, 11880, 0.333704232368
0.8, 0.1, 11900, 0.333703478755
0.8, 0.1, 11920, 0.333702727692
0.8, 0.1, 11940, 0.333701979164
0.8, 0.1, 11960, 0.333701233158
0.8, 0.1, 11980, 0.333700489657
0.8, 0.1, 12000, 0.333699748648
0.8, 0.1, 12020, 0.333699010116
0.8, 0.1, 12040, 0.333698274047
0.8, 0.1, 12060, 0.333697540427
0.8, 0.1, 12080, 0.33369680924
0.8, 0.1, 12100, 0.333696080474
0.8, 0.1, 12120, 0.333695354115
0.8, 0.1, 12140, 0.333694630148
0.8, 0.1, 12160, 0.333693908559
0.8, 0.1, 12180, 0.333693189336
0.8, 0.1, 12200, 0.333692472464
0.8, 0.1, 12220, 0.333691757929
0.8, 0.1, 12240, 0.33369104572
0.8, 0.1, 12260, 0.333690335822
0.8, 0.1, 12280, 0.333689628221
0.8, 0.1, 12300, 0.333688922906
0.8, 0.1, 12320, 0.333688219862
0.8, 0.1, 12340, 0.333687519077
0.8, 0.1, 12360, 0.333686820539
0.8, 0.1, 12380, 0.333686124233
0.8, 0.1, 12400, 0.333685430148
0.8, 0.1, 12420, 0.333684738271
0.8, 0.1, 12440, 0.33368404859
0.8, 0.1, 12460, 0.333683361091
0.8, 0.1, 12480, 0.333682675763
0.8, 0.1, 12500, 0.333681992593
0.8, 0.1, 12520, 0.333681311569
0.8, 0.1, 12540, 0.333680632679
0.8, 0.1, 12560, 0.333679955911
0.8, 0.1, 12580, 0.333679281252
0.8, 0.1, 12600, 0.333678608692
0.8, 0.1, 12620, 0.333677938218
0.8, 0.1, 12640, 0.333677269819
0.8, 0.1, 12660, 0.333676603482
0.8, 0.1, 12680, 0.333675939197
0.8, 0.1, 12700, 0.333675276951
0.8, 0.1, 12720, 0.333674616733
0.8, 0.1, 12740, 0.333673958533
0.8, 0.1, 12760, 0.333673302338
0.8, 0.1, 12780, 0.333672648137
0.8, 0.1, 12800, 0.33367199592
0.8, 0.1, 12820, 0.333671345674
0.8, 0.1, 12840, 0.33367069739
0.8, 0.1, 12860, 0.333670051056
0.8, 0.1, 12880, 0.333669406661
0.8, 0.1, 12900, 0.333668764195
0.8, 0.1, 12920, 0.333668123646
0.8, 0.1, 12940, 0.333667485005
0.8, 0.1, 12960, 0.33366684826
0.8, 0.1, 12980, 0.3336662134
0.8, 0.1, 13000, 0.333665580417
0.8, 0.1, 13020, 0.333664949298
0.8, 0.1, 13040, 0.333664320034
0.8, 0.1, 13060, 0.333663692614
0.8, 0.1, 13080, 0.333663067029
0.8, 0.1, 13100, 0.333662443267
0.8, 0.1, 13120, 0.333661821319
0.8, 0.1, 13140, 0.333661201176
0.8, 0.1, 13160, 0.333660582826
0.8, 0.1, 13180, 0.33365996626
0.8, 0.1, 13200, 0.333659351468
0.8, 0.1, 13220, 0.33365873844
0.8, 0.1, 13240, 0.333658127167
0.8, 0.1, 13260, 0.333657517639
0.8, 0.1, 13280, 0.333656909846
0.8, 0.1, 13300, 0.333656303778
0.8, 0.1, 13320, 0.333655699427
0.8, 0.1, 13340, 0.333655096782
0.8, 0.1, 13360, 0.333654495835
0.8, 0.1, 13380, 0.333653896576
0.8, 0.1, 13400, 0.333653298995
0.8, 0.1, 13420, 0.333652703084
0.8, 0.1, 13440, 0.333652108833
0.8, 0.1, 13460, 0.333651516233
0.8, 0.1, 13480, 0.333650925275
0.8, 0.1, 13500, 0.33365033595
0.8, 0.1, 13520, 0.333649748249
0.8, 0.1, 13540, 0.333649162163
0.8, 0.1, 13560, 0.333648577683
0.8, 0.1, 13580, 0.333647994801
0.8, 0.1, 13600, 0.333647413507
0.8, 0.1, 13620, 0.333646833794
0.8, 0.1, 13640, 0.333646255651
0.8, 0.1, 13660, 0.333645679071
0.8, 0.1, 13680, 0.333645104045
0.8, 0.1, 13700, 0.333644530564
0.8, 0.1, 13720, 0.333643958621
0.8, 0.1, 13740, 0.333643388206
0.8, 0.1, 13760, 0.333642819311
0.8, 0.1, 13780, 0.333642251928
0.8, 0.1, 13800, 0.333641686048
0.8, 0.1, 13820, 0.333641121664
0.8, 0.1, 13840, 0.333640558767
0.8, 0.1, 13860, 0.333639997348
0.8, 0.1, 13880, 0.333639437401
0.8, 0.1, 13900, 0.333638878916
0.8, 0.1, 13920, 0.333638321886
0.8, 0.1, 13940, 0.333637766303
0.8, 0.1, 13960, 0.333637212158
0.8, 0.1, 13980, 0.333636659444
0.8, 0.1, 14000, 0.333636108153
0.8, 0.1, 14020, 0.333635558278
0.8, 0.1, 14040, 0.33363500981
0.8, 0.1, 14060, 0.333634462741
0.8, 0.1, 14080, 0.333633917064
0.8, 0.1, 14100, 0.333633372772
0.8, 0.1, 14120, 0.333632829856
0.8, 0.1, 14140, 0.33363228831
0.8, 0.1, 14160, 0.333631748125
0.8, 0.1, 14180, 0.333631209294
0.8, 0.1, 14200, 0.33363067181
0.8, 0.1, 14220, 0.333630135664
0.8, 0.1, 14240, 0.333629600851
0.8, 0.1, 14260, 0.333629067362
0.8, 0.1, 14280, 0.333628535191
0.8, 0.1, 14300, 0.333628004329
0.8, 0.1, 14320, 0.33362747477
0.8, 0.1, 14340, 0.333626946506
0.8, 0.1, 14360, 0.333626419531
0.8, 0.1, 14380, 0.333625893836
0.8, 0.1, 14400, 0.333625369416
0.8, 0.1, 14420, 0.333624846263
0.8, 0.1, 14440, 0.33362432437
0.8, 0.1, 14460, 0.333623803729
0.8, 0.1, 14480, 0.333623284335
0.8, 0.1, 14500, 0.33362276618
0.8, 0.1, 14520, 0.333622249257
0.8, 0.1, 14540, 0.333621733559
0.8, 0.1, 14560, 0.33362121908
0.8, 0.1, 14580, 0.333620705813
0.8, 0.1, 14600, 0.333620193751
0.8, 0.1, 14620, 0.333619682887
0.8, 0.1, 14640, 0.333619173214
0.8, 0.1, 14660, 0.333618664727
0.8, 0.1, 14680, 0.333618157417
0.8, 0.1, 14700, 0.33361765128
0.8, 0.1, 14720, 0.333617146307
0.8, 0.1, 14740, 0.333616642493
0.8, 0.1, 14760, 0.333616139831
0.8, 0.1, 14780, 0.333615638315
0.8, 0.1, 14800, 0.333615137938
0.8, 0.1, 14820, 0.333614638693
0.8, 0.1, 14840, 0.333614140575
0.8, 0.1, 14860, 0.333613643577
0.8, 0.1, 14880, 0.333613147692
0.8, 0.1, 14900, 0.333612652915
0.8, 0.1, 14920, 0.333612159238
0.8, 0.1, 14940, 0.333611666656
0.8, 0.1, 14960, 0.333611175163
0.8, 0.1, 14980, 0.333610684753
0.8, 0.1, 15000, 0.333610195418
0.8, 0.1, 15020, 0.333609707153
0.8, 0.1, 15040, 0.333609219953
0.8, 0.1, 15060, 0.33360873381
0.8, 0.1, 15080, 0.333608248718
0.8, 0.1, 15100, 0.333607764673
0.8, 0.1, 15120, 0.333607281667
0.8, 0.1, 15140, 0.333606799695
0.8, 0.1, 15160, 0.33360631875
0.8, 0.1, 15180, 0.333605838828
0.8, 0.1, 15200, 0.333605359921
0.8, 0.1, 15220, 0.333604882024
0.8, 0.1, 15240, 0.333604405131
0.8, 0.1, 15260, 0.333603929237
0.8, 0.1, 15280, 0.333603454335
0.8, 0.1, 15300, 0.333602980419
0.8, 0.1, 15320, 0.333602507484
0.8, 0.1, 15340, 0.333602035525
0.8, 0.1, 15360, 0.333601564535
0.8, 0.1, 15380, 0.333601094508
0.8, 0.1, 15400, 0.333600625439
0.8, 0.1, 15420, 0.333600157323
0.8, 0.1, 15440, 0.333599690153
0.8, 0.1, 15460, 0.333599223925
0.8, 0.1, 15480, 0.333598758631
0.8, 0.1, 15500, 0.333598294268
0.8, 0.1, 15520, 0.333597830829
0.8, 0.1, 15540, 0.333597368309
0.8, 0.1, 15560, 0.333596906701
0.8, 0.1, 15580, 0.333596446002
0.8, 0.1, 15600, 0.333595986205
0.8, 0.1, 15620, 0.333595527304
0.8, 0.1, 15640, 0.333595069295
0.8, 0.1, 15660, 0.333594612172
0.8, 0.1, 15680, 0.33359415593
0.8, 0.1, 15700, 0.333593700562
0.8, 0.1, 15720, 0.333593246064
0.8, 0.1, 15740, 0.333592792431
0.8, 0.1, 15760, 0.333592339657
0.8, 0.1, 15780, 0.333591887736
0.8, 0.1, 15800, 0.333591436664
0.8, 0.1, 15820, 0.333590986436
0.8, 0.1, 15840, 0.333590537045
0.8, 0.1, 15860, 0.333590088487
0.8, 0.1, 15880, 0.333589640756
0.8, 0.1, 15900, 0.333589193848
0.8, 0.1, 15920, 0.333588747757
0.8, 0.1, 15940, 0.333588302478
0.8, 0.1, 15960, 0.333587858005
0.8, 0.1, 15980, 0.333587414334
0.8, 0.1, 16000, 0.33358697146
0.8, 0.1, 16020, 0.333586529377
0.8, 0.1, 16040, 0.33358608808
0.8, 0.1, 16060, 0.333585647565
0.8, 0.1, 16080, 0.333585207825
0.8, 0.1, 16100, 0.333584768857
0.8, 0.1, 16120, 0.333584330655
0.8, 0.1, 16140, 0.333583893214
0.8, 0.1, 16160, 0.333583456529
0.8, 0.1, 16180, 0.333583020594
0.8, 0.1, 16200, 0.333582585406
0.8, 0.1, 16220, 0.333582150959
0.8, 0.1, 16240, 0.333581717248
0.8, 0.1, 16260, 0.333581284269
0.8, 0.1, 16280, 0.333580852015
0.8, 0.1, 16300, 0.333580420483
0.8, 0.1, 16320, 0.333579989668
0.8, 0.1, 16340, 0.333579559564
0.8, 0.1, 16360, 0.333579130166
0.8, 0.1, 16380, 0.333578701471
0.8, 0.1, 16400, 0.333578273472
0.8, 0.1, 16420, 0.333577846166
0.8, 0.1, 16440, 0.333577419546
0.8, 0.1, 16460, 0.33357699361
0.8, 0.1, 16480, 0.333576568351
0.8, 0.1, 16500, 0.333576143765
0.8, 0.1, 16520, 0.333575719847
0.8, 0.1, 16540, 0.333575296592
0.8, 0.1, 16560, 0.333574873996
0.8, 0.1, 16580, 0.333574452054
0.8, 0.1, 16600, 0.33357403076
0.8, 0.1, 16620, 0.333573610111
0.8, 0.1, 16640, 0.333573190102
0.8, 0.1, 16660, 0.333572770728
0.8, 0.1, 16680, 0.333572351983
0.8, 0.1, 16700, 0.333571933865
0.8, 0.1, 16720, 0.333571516367
0.8, 0.1, 16740, 0.333571099485
0.8, 0.1, 16760, 0.333570683215
0.8, 0.1, 16780, 0.333570267551
0.8, 0.1, 16800, 0.33356985249
0.8, 0.1, 16820, 0.333569438026
0.8, 0.1, 16840, 0.333569024156
0.8, 0.1, 16860, 0.333568610873
0.8, 0.1, 16880, 0.333568198174
0.8, 0.1, 16900, 0.333567786054
0.8, 0.1, 16920, 0.333567374508
0.8, 0.1, 16940, 0.333566963533
0.8, 0.1, 16960, 0.333566553122
0.8, 0.1, 16980, 0.333566143272
0.8, 0.1, 17000, 0.333565733979
0.8, 0.1, 17020, 0.333565325236
0.8, 0.1, 17040, 0.333564917041
0.8, 0.1, 17060, 0.333564509388
0.8, 0.1, 17080, 0.333564102273
0.8, 0.1, 17100, 0.333563695691
0.8, 0.1, 17120, 0.333563289638
0.8, 0.1, 17140, 0.333562884109
0.8, 0.1, 17160, 0.3335624791
0.8, 0.1, 17180, 0.333562074605
0.8, 0.1, 17200, 0.333561670622
0.8, 0.1, 17220, 0.333561267144
0.8, 0.1, 17240, 0.333560864169
0.8, 0.1, 17260, 0.33356046169
0.8, 0.1, 17280, 0.333560059704
0.8, 0.1, 17300, 0.333559658205
0.8, 0.1, 17320, 0.333559257191
0.8, 0.1, 17340, 0.333558856655
0.8, 0.1, 17360, 0.333558456595
0.8, 0.1, 17380, 0.333558057004
0.8, 0.1, 17400, 0.333557657879
0.8, 0.1, 17420, 0.333557259215
0.8, 0.1, 17440, 0.333556861007
0.8, 0.1, 17460, 0.333556463252
0.8, 0.1, 17480, 0.333556065944
0.8, 0.1, 17500, 0.33355566908
0.8, 0.1, 17520, 0.333555272655
0.8, 0.1, 17540, 0.333554876663
0.8, 0.1, 17560, 0.333554481102
0.8, 0.1, 17580, 0.333554085966
0.8, 0.1, 17600, 0.333553691251
0.8, 0.1, 17620, 0.333553296952
0.8, 0.1, 17640, 0.333552903065
0.8, 0.1, 17660, 0.333552509586
0.8, 0.1, 17680, 0.33355211651
0.8, 0.1, 17700, 0.333551723832
0.8, 0.1, 17720, 0.333551331549
0.8, 0.1, 17740, 0.333550939655
0.8, 0.1, 17760, 0.333550548146
0.8, 0.1, 17780, 0.333550157018
0.8, 0.1, 17800, 0.333549766267
0.8, 0.1, 17820, 0.333549375887
0.8, 0.1, 17840, 0.333548985874
0.8, 0.1, 17860, 0.333548596224
0.8, 0.1, 17880, 0.333548206933
0.8, 0.1, 17900, 0.333547817996
0.8, 0.1, 17920, 0.333547429408
0.8, 0.1, 17940, 0.333547041165
0.8, 0.1, 17960, 0.333546653262
0.8, 0.1, 17980, 0.333546265696
0.8, 0.1, 18000, 0.333545878461
0.8, 0.1, 18020, 0.333545491553
0.8, 0.1, 18040, 0.333545104968
0.8, 0.1, 18060, 0.3335447187
0.8, 0.1, 18080, 0.333544332746
0.8, 0.1, 18100, 0.333543947102
0.8, 0.1, 18120, 0.333543561762
0.8, 0.1, 18140, 0.333543176721
0.8, 0.1, 18160, 0.333542791977
0.8, 0.1, 18180, 0.333542407523
0.8, 0.1, 18200, 0.333542023356
0.8, 0.1, 18220, 0.333541639471
0.8, 0.1, 18240, 0.333541255863
0.8, 0.1, 18260, 0.333540872529
0.8, 0.1, 18280, 0.333540489462
0.8, 0.1, 18300, 0.33354010666
0.8, 0.1, 18320, 0.333539724116
0.8, 0.1, 18340, 0.333539341827
0.8, 0.1, 18360, 0.333538959789
0.8, 0.1, 18380, 0.333538577996
0.8, 0.1, 18400, 0.333538196444
0.8, 0.1, 18420, 0.333537815128
0.8, 0.1, 18440, 0.333537434044
0.8, 0.1, 18460, 0.333537053187
0.8, 0.1, 18480, 0.333536672552
0.8, 0.1, 18500, 0.333536292136
0.8, 0.1, 18520, 0.333535911933
0.8, 0.1, 18540, 0.333535531938
0.8, 0.1, 18560, 0.333535152148
0.8, 0.1, 18580, 0.333534772557
0.8, 0.1, 18600, 0.33353439316
0.8, 0.1, 18620, 0.333534013953
0.8, 0.1, 18640, 0.333533634932
0.8, 0.1, 18660, 0.333533256092
0.8, 0.1, 18680, 0.333532877427
0.8, 0.1, 18700, 0.333532498933
0.8, 0.1, 18720, 0.333532120606
0.8, 0.1, 18740, 0.333531742441
0.8, 0.1, 18760, 0.333531364433
0.8, 0.1, 18780, 0.333530986576
0.8, 0.1, 18800, 0.333530608868
0.8, 0.1, 18820, 0.333530231302
0.8, 0.1, 18840, 0.333529853873
0.8, 0.1, 18860, 0.333529476578
0.8, 0.1, 18880, 0.333529099411
0.8, 0.1, 18900, 0.333528722367
0.8, 0.1, 18920, 0.333528345442
0.8, 0.1, 18940, 0.333527968631
0.8, 0.1, 18960, 0.333527591928
0.8, 0.1, 18980, 0.333527215329
0.8, 0.1, 19000, 0.333526838829
0.8, 0.1, 19020, 0.333526462423
0.8, 0.1, 19040, 0.333526086107
0.8, 0.1, 19060, 0.333525709874
0.8, 0.1, 19080, 0.333525333721
0.8, 0.1, 19100, 0.333524957641
0.8, 0.1, 19120, 0.333524581631
0.8, 0.1, 19140, 0.333524205685
0.8, 0.1, 19160, 0.333523829799
0.8, 0.1, 19180, 0.333523453966
0.8, 0.1, 19200, 0.333523078182
0.8, 0.1, 19220, 0.333522702443
0.8, 0.1, 19240, 0.333522326742
0.8, 0.1, 19260, 0.333521951074
0.8, 0.1, 19280, 0.333521575436
0.8, 0.1, 19300, 0.33352119982
0.8, 0.1, 19320, 0.333520824223
0.8, 0.1, 19340, 0.333520448639
0.8, 0.1, 19360, 0.333520073063
0.8, 0.1, 19380, 0.333519697489
0.8, 0.1, 19400, 0.333519321912
0.8, 0.1, 19420, 0.333518946328
0.8, 0.1, 19440, 0.333518570729
0.8, 0.1, 19460, 0.333518195113
0.8, 0.1, 19480, 0.333517819472
0.8, 0.1, 19500, 0.333517443802
0.8, 0.1, 19520, 0.333517068097
0.8, 0.1, 19540, 0.333516692352
0.8, 0.1, 19560, 0.333516316561
0.8, 0.1, 19580, 0.333515940719
0.8, 0.1, 19600, 0.33351556482
0.8, 0.1, 19620, 0.33351518886
0.8, 0.1, 19640, 0.333514812831
0.8, 0.1, 19660, 0.333514436729
0.8, 0.1, 19680, 0.333514060549
0.8, 0.1, 19700, 0.333513684284
0.8, 0.1, 19720, 0.333513307928
0.8, 0.1, 19740, 0.333512931477
0.8, 0.1, 19760, 0.333512554925
0.8, 0.1, 19780, 0.333512178265
0.8, 0.1, 19800, 0.333511801492
0.8, 0.1, 19820, 0.3335114246
0.8, 0.1, 19840, 0.333511047584
0.8, 0.1, 19860, 0.333510670437
0.8, 0.1, 19880, 0.333510293154
0.8, 0.1, 19900, 0.333509915729
0.8, 0.1, 19920, 0.333509538155
0.8, 0.1, 19940, 0.333509160427
0.8, 0.1, 19960, 0.333508782539
0.8, 0.1, 19980, 0.333508404485
0.8, 0.1, 20000, 0.333508026259
0.8, 0.1, 20020, 0.333507647854
0.8, 0.1, 20040, 0.333507269264
0.8, 0.1, 20060, 0.333506890484
0.8, 0.1, 20080, 0.333506511507
0.8, 0.1, 20100, 0.333506132326
0.8, 0.1, 20120, 0.333505752937
0.8, 0.1, 20140, 0.333505373331
0.8, 0.1, 20160, 0.333504993503
0.8, 0.1, 20180, 0.333504613447
0.8, 0.1, 20200, 0.333504233156
0.8, 0.1, 20220, 0.333503852623
0.8, 0.1, 20240, 0.333503471843
0.8, 0.1, 20260, 0.333503090808
0.8, 0.1, 20280, 0.333502709511
0.8, 0.1, 20300, 0.333502327948
0.8, 0.1, 20320, 0.333501946109
0.8, 0.1, 20340, 0.33350156399
0.8, 0.1, 20360, 0.333501181583
0.8, 0.1, 20380, 0.333500798881
0.8, 0.1, 20400, 0.333500415878
0.8, 0.1, 20420, 0.333500032567
0.8, 0.1, 20440, 0.33349964894
0.8, 0.1, 20460, 0.33349926499
0.8, 0.1, 20480, 0.333498880712
0.8, 0.1, 20500, 0.333498496097
0.8, 0.1, 20520, 0.333498111139
0.8, 0.1, 20540, 0.33349772583
0.8, 0.1, 20560, 0.333497340163
0.8, 0.1, 20580, 0.33349695413
0.8, 0.1, 20600, 0.333496567726
0.8, 0.1, 20620, 0.333496180941
0.8, 0.1, 20640, 0.33349579377
0.8, 0.1, 20660, 0.333495406203
0.8, 0.1, 20680, 0.333495018235
0.8, 0.1, 20700, 0.333494629856
0.8, 0.1, 20720, 0.33349424106
0.8, 0.1, 20740, 0.333493851839
0.8, 0.1, 20760, 0.333493462185
0.8, 0.1, 20780, 0.33349307209
0.8, 0.1, 20800, 0.333492681546
0.8, 0.1, 20820, 0.333492290546
0.8, 0.1, 20840, 0.333491899082
0.8, 0.1, 20860, 0.333491507145
0.8, 0.1, 20880, 0.333491114727
0.8, 0.1, 20900, 0.33349072182
0.8, 0.1, 20920, 0.333490328417
0.8, 0.1, 20940, 0.333489934508
0.8, 0.1, 20960, 0.333489540085
0.8, 0.1, 20980, 0.33348914514
0.8, 0.1, 21000, 0.333488749665
0.8, 0.1, 21020, 0.333488353651
0.8, 0.1, 21040, 0.333487957088
0.8, 0.1, 21060, 0.333487559969
0.8, 0.1, 21080, 0.333487162285
0.8, 0.1, 21100, 0.333486764027
0.8, 0.1, 21120, 0.333486365186
0.8, 0.1, 21140, 0.333485965753
0.8, 0.1, 21160, 0.333485565719
0.8, 0.1, 21180, 0.333485165074
0.8, 0.1, 21200, 0.333484763811
0.8, 0.1, 21220, 0.333484361918
0.8, 0.1, 21240, 0.333483959388
0.8, 0.1, 21260, 0.33348355621
0.8, 0.1, 21280, 0.333483152375
0.8, 0.1, 21300, 0.333482747873
0.8, 0.1, 21320, 0.333482342695
0.8, 0.1, 21340, 0.333481936831
0.8, 0.1, 21360, 0.333481530271
0.8, 0.1, 21380, 0.333481123005
0.8, 0.1, 21400, 0.333480715024
0.8, 0.1, 21420, 0.333480306316
0.8, 0.1, 21440, 0.333479896872
0.8, 0.1, 21460, 0.333479486681
0.8, 0.1, 21480, 0.333479075733
0.8, 0.1, 21500, 0.333478664018
0.8, 0.1, 21520, 0.333478251524
0.8, 0.1, 21540, 0.333477838242
0.8, 0.1, 21560, 0.33347742416
0.8, 0.1, 21580, 0.333477009268
0.8, 0.1, 21600, 0.333476593555
0.8, 0.1, 21620, 0.333476177008
0.8, 0.1, 21640, 0.333475759618
0.8, 0.1, 21660, 0.333475341373
0.8, 0.1, 21680, 0.333474922262
0.8, 0.1, 21700, 0.333474502272
0.8, 0.1, 21720, 0.333474081393
0.8, 0.1, 21740, 0.333473659613
0.8, 0.1, 21760, 0.333473236919
0.8, 0.1, 21780, 0.3334728133
0.8, 0.1, 21800, 0.333472388744
0.8, 0.1, 21820, 0.333471963239
0.8, 0.1, 21840, 0.333471536771
0.8, 0.1, 21860, 0.333471109329
0.8, 0.1, 21880, 0.333470680901
0.8, 0.1, 21900, 0.333470251472
0.8, 0.1, 21920, 0.333469821032
0.8, 0.1, 21940, 0.333469389566
0.8, 0.1, 21960, 0.333468957062
0.8, 0.1, 21980, 0.333468523505
0.8, 0.1, 22000, 0.333468088884
0.8, 0.1, 22020, 0.333467653185
0.8, 0.1, 22040, 0.333467216393
0.8, 0.1, 22060, 0.333466778495
0.8, 0.1, 22080, 0.333466339477
0.8, 0.1, 22100, 0.333465899325
0.8, 0.1, 22120, 0.333465458025
0.8, 0.1, 22140, 0.333465015563
0.8, 0.1, 22160, 0.333464571923
0.8, 0.1, 22180, 0.333464127091
0.8, 0.1, 22200, 0.333463681053
0.8, 0.1, 22220, 0.333463233793
0.8, 0.1, 22240, 0.333462785297
0.8, 0.1, 22260, 0.333462335548
0.8, 0.1, 22280, 0.333461884532
0.8, 0.1, 22300, 0.333461432232
0.8, 0.1, 22320, 0.333460978633
0.8, 0.1, 22340, 0.333460523719
0.8, 0.1, 22360, 0.333460067474
0.8, 0.1, 22380, 0.333459609881
0.8, 0.1, 22400, 0.333459150923
0.8, 0.1, 22420, 0.333458690585
0.8, 0.1, 22440, 0.333458228849
0.8, 0.1, 22460, 0.333457765697
0.8, 0.1, 22480, 0.333457301113
0.8, 0.1, 22500, 0.333456835079
0.8, 0.1, 22520, 0.333456367577
0.8, 0.1, 22540, 0.33345589859
0.8, 0.1, 22560, 0.333455428099
0.8, 0.1, 22580, 0.333454956086
0.8, 0.1, 22600, 0.333454482532
0.8, 0.1, 22620, 0.333454007418
0.8, 0.1, 22640, 0.333453530727
0.8, 0.1, 22660, 0.333453052437
0.8, 0.1, 22680, 0.33345257253
0.8, 0.1, 22700, 0.333452090986
0.8, 0.1, 22720, 0.333451607786
0.8, 0.1, 22740, 0.333451122908
0.8, 0.1, 22760, 0.333450636333
0.8, 0.1, 22780, 0.33345014804
0.8, 0.1, 22800, 0.333449658007
0.8, 0.1, 22820, 0.333449166215
0.8, 0.1, 22840, 0.333448672641
0.8, 0.1, 22860, 0.333448177263
0.8, 0.1, 22880, 0.33344768006
0.8, 0.1, 22900, 0.33344718101
0.8, 0.1, 22920, 0.333446680089
0.8, 0.1, 22940, 0.333446177275
0.8, 0.1, 22960, 0.333445672545
0.8, 0.1, 22980, 0.333445165876
0.8, 0.1, 23000, 0.333444657244
0.8, 0.1, 23020, 0.333444146624
0.8, 0.1, 23040, 0.333443633993
0.8, 0.1, 23060, 0.333443119325
0.8, 0.1, 23080, 0.333442602597
0.8, 0.1, 23100, 0.333442083782
0.8, 0.1, 23120, 0.333441562855
0.8, 0.1, 23140, 0.33344103979
0.8, 0.1, 23160, 0.333440514561
0.8, 0.1, 23180, 0.333439987141
0.8, 0.1, 23200, 0.333439457503
0.8, 0.1, 23220, 0.333438925621
0.8, 0.1, 23240, 0.333438391465
0.8, 0.1, 23260, 0.333437855008
0.8, 0.1, 23280, 0.333437316222
0.8, 0.1, 23300, 0.333436775077
0.8, 0.1, 23320, 0.333436231545
0.8, 0.1, 23340, 0.333435685595
0.8, 0.1, 23360, 0.333435137199
0.8, 0.1, 23380, 0.333434586324
0.8, 0.1, 23400, 0.333434032941
0.8, 0.1, 23420, 0.333433477018
0.8, 0.1, 23440, 0.333432918523
0.8, 0.1, 23460, 0.333432357424
0.8, 0.1, 23480, 0.333431793688
0.8, 0.1, 23500, 0.333431227282
0.8, 0.1, 23520, 0.333430658174
0.8, 0.1, 23540, 0.333430086327
0.8, 0.1, 23560, 0.333429511709
0.8, 0.1, 23580, 0.333428934283
0.8, 0.1, 23600, 0.333428354015
0.8, 0.1, 23620, 0.333427770867
0.8, 0.1, 23640, 0.333427184805
0.8, 0.1, 23660, 0.333426595789
0.8, 0.1, 23680, 0.333426003784
0.8, 0.1, 23700, 0.333425408749
0.8, 0.1, 23720, 0.333424810648
0.8, 0.1, 23740, 0.333424209439
0.8, 0.1, 23760, 0.333423605084
0.8, 0.1, 23780, 0.333422997541
0.8, 0.1, 23800, 0.333422386769
0.8, 0.1, 23820, 0.333421772726
0.8, 0.1, 23840, 0.333421155371
0.8, 0.1, 23860, 0.333420534659
0.8, 0.1, 23880, 0.333419910548
0.8, 0.1, 23900, 0.333419282992
0.8, 0.1, 23920, 0.333418651946
0.8, 0.1, 23940, 0.333418017365
0.8, 0.1, 23960, 0.333417379201
0.8, 0.1, 23980, 0.333416737408
0.8, 0.1, 24000, 0.333416091938
0.8, 0.1, 24020, 0.333415442742
0.8, 0.1, 24040, 0.333414789769
0.8, 0.1, 24060, 0.33341413297
0.8, 0.1, 24080, 0.333413472294
0.8, 0.1, 24100, 0.333412807688
0.8, 0.1, 24120, 0.333412139099
0.8, 0.1, 24140, 0.333411466475
0.8, 0.1, 24160, 0.333410789759
0.8, 0.1, 24180, 0.333410108897
0.8, 0.1, 24200, 0.333409423833
0.8, 0.1, 24220, 0.333408734508
0.8, 0.1, 24240, 0.333408040865
0.8, 0.1, 24260, 0.333407342845
0.8, 0.1, 24280, 0.333406640386
0.8, 0.1, 24300, 0.333405933428
0.8, 0.1, 24320, 0.333405221909
0.8, 0.1, 24340, 0.333404505764
0.8, 0.1, 24360, 0.33340378493
0.8, 0.1, 24380, 0.333403059341
0.8, 0.1, 24400, 0.33340232893
0.8, 0.1, 24420, 0.333401593629
0.8, 0.1, 24440, 0.33340085337
0.8, 0.1, 24460, 0.333400108081
0.8, 0.1, 24480, 0.333399357692
0.8, 0.1, 24500, 0.33339860213
0.8, 0.1, 24520, 0.33339784132
0.8, 0.1, 24540, 0.333397075188
0.8, 0.1, 24560, 0.333396303656
0.8, 0.1, 24580, 0.333395526647
0.8, 0.1, 24600, 0.33339474408
0.8, 0.1, 24620, 0.333393955876
0.8, 0.1, 24640, 0.333393161951
0.8, 0.1, 24660, 0.333392362221
0.8, 0.1, 24680, 0.333391556602
0.8, 0.1, 24700, 0.333390745006
0.8, 0.1, 24720, 0.333389927344
0.8, 0.1, 24740, 0.333389103526
0.8, 0.1, 24760, 0.33338827346
0.8, 0.1, 24780, 0.333387437052
0.8, 0.1, 24800, 0.333386594206
0.8, 0.1, 24820, 0.333385744826
0.8, 0.1, 24840, 0.333384888811
0.8, 0.1, 24860, 0.333384026061
0.8, 0.1, 24880, 0.333383156473
0.8, 0.1, 24900, 0.333382279941
0.8, 0.1, 24920, 0.333381396359
0.8, 0.1, 24940, 0.333380505616
0.8, 0.1, 24960, 0.333379607602
0.8, 0.1, 24980, 0.333378702203
0.8, 0.1, 25000, 0.333377789303
0.8, 0.1, 25020, 0.333376868784
0.8, 0.1, 25040, 0.333375940524
0.8, 0.1, 25060, 0.333375004402
0.8, 0.1, 25080, 0.333374060291
0.8, 0.1, 25100, 0.333373108063
0.8, 0.1, 25120, 0.333372147588
0.8, 0.1, 25140, 0.333371178732
0.8, 0.1, 25160, 0.333370201358
0.8, 0.1, 25180, 0.333369215328
0.8, 0.1, 25200, 0.3333682205
0.8, 0.1, 25220, 0.333367216728
0.8, 0.1, 25240, 0.333366203865
0.8, 0.1, 25260, 0.333365181759
0.8, 0.1, 25280, 0.333364150255
0.8, 0.1, 25300, 0.333363109196
0.8, 0.1, 25320, 0.333362058421
0.8, 0.1, 25340, 0.333360997764
0.8, 0.1, 25360, 0.333359927057
0.8, 0.1, 25380, 0.333358846129
0.8, 0.1, 25400, 0.333357754802
0.8, 0.1, 25420, 0.333356652898
0.8, 0.1, 25440, 0.333355540232
0.8, 0.1, 25460, 0.333354416616
0.8, 0.1, 25480, 0.333353281857
0.8, 0.1, 25500, 0.33335213576
0.8, 0.1, 25520, 0.333350978123
0.8, 0.1, 25540, 0.33334980874
0.8, 0.1, 25560, 0.333348627399
0.8, 0.1, 25580, 0.333347433886
0.8, 0.1, 25600, 0.33334622798
0.8, 0.1, 25620, 0.333345009455
0.8, 0.1, 25640, 0.33334377808
0.8, 0.1, 25660, 0.333342533617
0.8, 0.1, 25680, 0.333341275824
0.8, 0.1, 25700, 0.333340004454
0.8, 0.1, 25720, 0.33333871925
0.8, 0.1, 25740, 0.333337419954
0.8, 0.1, 25760, 0.333336106296
0.8, 0.1, 25780, 0.333334778005
0.8, 0.1, 25800, 0.333333434799
0.8, 0.1, 25820, 0.33333207639
0.8, 0.1, 25840, 0.333330702483
0.8, 0.1, 25860, 0.333329312777
0.8, 0.1, 25880, 0.33332790696
0.8, 0.1, 25900, 0.333326484715
0.8, 0.1, 25920, 0.333325045716
0.8, 0.1, 25940, 0.333323589626
0.8, 0.1, 25960, 0.333322116102
0.8, 0.1, 25980, 0.333320624792
0.8, 0.1, 26000, 0.333319115333
0.8, 0.1, 26020, 0.333317587353
0.8, 0.1, 26040, 0.33331604047
0.8, 0.1, 26060, 0.333314474292
0.8, 0.1, 26080, 0.333312888414
0.8, 0.1, 26100, 0.333311282424
0.8, 0.1, 26120, 0.333309655894
0.8, 0.1, 26140, 0.333308008388
0.8, 0.1, 26160, 0.333306339454
0.8, 0.1, 26180, 0.333304648631
0.8, 0.1, 26200, 0.333302935442
0.8, 0.1, 26220, 0.333301199398
0.8, 0.1, 26240, 0.333299439994
0.8, 0.1, 26260, 0.333297656712
0.8, 0.1, 26280, 0.333295849018
0.8, 0.1, 26300, 0.333294016362
0.8, 0.1, 26320, 0.333292158179
0.8, 0.1, 26340, 0.333290273885
0.8, 0.1, 26360, 0.333288362879
0.8, 0.1, 26380, 0.333286424543
0.8, 0.1, 26400, 0.333284458237
0.8, 0.1, 26420, 0.333282463306
0.8, 0.1, 26440, 0.333280439069
0.8, 0.1, 26460, 0.333278384828
0.8, 0.1, 26480, 0.333276299859
0.8, 0.1, 26500, 0.33327418342
0.8, 0.1, 26520, 0.33327203474
0.8, 0.1, 26540, 0.333269853025
0.8, 0.1, 26560, 0.333267637456
0.8, 0.1, 26580, 0.333265387185
0.8, 0.1, 26600, 0.333263101338
0.8, 0.1, 26620, 0.333260779009
0.8, 0.1, 26640, 0.333258419264
0.8, 0.1, 26660, 0.333256021135
0.8, 0.1, 26680, 0.333253583623
0.8, 0.1, 26700, 0.333251105691
0.8, 0.1, 26720, 0.333248586269
0.8, 0.1, 26740, 0.333246024247
0.8, 0.1, 26760, 0.333243418478
0.8, 0.1, 26780, 0.33324076777
0.8, 0.1, 26800, 0.33323807089
0.8, 0.1, 26820, 0.333235326561
0.8, 0.1, 26840, 0.333232533456
0.8, 0.1, 26860, 0.333229690201
0.8, 0.1, 26880, 0.333226795368
0.8, 0.1, 26900, 0.333223847478
0.8, 0.1, 26920, 0.333220844992
0.8, 0.1, 26940, 0.333217786312
0.8, 0.1, 26960, 0.333214669781
0.8, 0.1, 26980, 0.333211493671
0.8, 0.1, 27000, 0.333208256189
0.8, 0.1, 27020, 0.333204955469
0.8, 0.1, 27040, 0.333201589568
0.8, 0.1, 27060, 0.333198156465
0.8, 0.1, 27080, 0.333194654054
0.8, 0.1, 27100, 0.333191080141
0.8, 0.1, 27120, 0.333187432438
0.8, 0.1, 27140, 0.333183708561
0.8, 0.1, 27160, 0.33317990602
0.8, 0.1, 27180, 0.333176022219
0.8, 0.1, 27200, 0.333172054445
0.8, 0.1, 27220, 0.333167999864
0.8, 0.1, 27240, 0.333163855516
0.8, 0.1, 27260, 0.333159618303
0.8, 0.1, 27280, 0.333155284984
0.8, 0.1, 27300, 0.333150852166
0.8, 0.1, 27320, 0.333146316298
0.8, 0.1, 27340, 0.333141673656
0.8, 0.1, 27360, 0.333136920336
0.8, 0.1, 27380, 0.333132052242
0.8, 0.1, 27400, 0.333127065077
0.8, 0.1, 27420, 0.333121954324
0.8, 0.1, 27440, 0.333116715238
0.8, 0.1, 27460, 0.333111342829
0.8, 0.1, 27480, 0.333105831846
0.8, 0.1, 27500, 0.33310017676
0.8, 0.1, 27520, 0.333094371746
0.8, 0.1, 27540, 0.33308841066
0.8, 0.1, 27560, 0.33308228702
0.8, 0.1, 27580, 0.333075993985
0.8, 0.1, 27600, 0.333069524321
0.8, 0.1, 27620, 0.333062870382
0.8, 0.1, 27640, 0.333056024074
0.8, 0.1, 27660, 0.333048976825
0.8, 0.1, 27680, 0.333041719548
0.8, 0.1, 27700, 0.333034242602
0.8, 0.1, 27720, 0.333026535749
0.8, 0.1, 27740, 0.333018588108
0.8, 0.1, 27760, 0.333010388101
0.8, 0.1, 27780, 0.333001923402
0.8, 0.1, 27800, 0.332993180869
0.8, 0.1, 27820, 0.332984146481
0.8, 0.1, 27840, 0.332974805259
0.8, 0.1, 27860, 0.332965141188
0.8, 0.1, 27880, 0.332955137119
0.8, 0.1, 27900, 0.332944774674
0.8, 0.1, 27920, 0.33293403413
0.8, 0.1, 27940, 0.332922894296
0.8, 0.1, 27960, 0.332911332372
0.8, 0.1, 27980, 0.332899323794
0.8, 0.1, 28000, 0.332886842062
0.8, 0.1, 28020, 0.332873858545
0.8, 0.1, 28040, 0.332860342263
0.8, 0.1, 28060, 0.332846259638
0.8, 0.1, 28080, 0.332831574224
0.8, 0.1, 28100, 0.332816246385
0.8, 0.1, 28120, 0.332800232948
0.8, 0.1, 28140, 0.332783486795
0.8, 0.1, 28160, 0.332765956401
0.8, 0.1, 28180, 0.332747585312
0.8, 0.1, 28200, 0.332728311543
0.8, 0.1, 28220, 0.332708066876
0.8, 0.1, 28240, 0.332686776071
0.8, 0.1, 28260, 0.332664355926
0.8, 0.1, 28280, 0.332640714211
0.8, 0.1, 28300, 0.332615748402
0.8, 0.1, 28320, 0.332589344209
0.8, 0.1, 28340, 0.332561373843
0.8, 0.1, 28360, 0.332531693965
0.8, 0.1, 28380, 0.332500143254
0.8, 0.1, 28400, 0.332466539496
0.8, 0.1, 28420, 0.3324306761
0.8, 0.1, 28440, 0.332392317888
0.8, 0.1, 28460, 0.332351195984
0.8, 0.1, 28480, 0.332307001565
0.8, 0.1, 28500, 0.332259378177
0.8, 0.1, 28520, 0.3322079122
0.8, 0.1, 28540, 0.332152120943
0.8, 0.1, 28560, 0.332091437627
0.8, 0.1, 28580, 0.332025192291
0.8, 0.1, 28600, 0.331952587252
0.8, 0.1, 28620, 0.331872665233
0.8, 0.1, 28640, 0.331784267462
0.8, 0.1, 28660, 0.331685977876
0.8, 0.1, 28680, 0.33157604775
0.8, 0.1, 28700, 0.331452292252
0.8, 0.1, 28720, 0.331311945976
0.8, 0.1, 28740, 0.331151457164
0.8, 0.1, 28760, 0.330966188079
0.8, 0.1, 28780, 0.330749967697
0.8, 0.1, 28800, 0.330494404565
0.8, 0.1, 28820, 0.330187795963
0.8, 0.1, 28840, 0.329813328411
0.8, 0.1, 28860, 0.32934597159
0.8, 0.1, 28880, 0.328746817721
0.8, 0.1, 28900, 0.327952058722
0.8, 0.1, 28920, 0.326849673284
0.8, 0.1, 28940, 0.325224627681
0.8, 0.1, 28960, 0.322610835345
0.8, 0.1, 28980, 0.317808353816
0.8, 0.1, 29000, 0.306865803647
0.8, 0.1, 29020, 0.27345479091
0.8, 0.1, 29040, 0.194249207358
0.8, 0.1, 29060, 0.129054572826
0.8, 0.1, 29080, 0.0899645377067
0.8, 0.1, 29100, 0.0652506715655
0.8, 0.1, 29120, 0.049366270196
0.8, 0.1, 29140, 0.0388557770551
0.8, 0.1, 29160, 0.0316202192163
0.8, 0.1, 29180, 0.0264360149146
0.8, 0.1, 29200, 0.0225861622779
0.8, 0.2, 20, 0.49887418796
0.8, 0.2, 40, 0.498830249539
0.8, 0.2, 60, 0.498799576908
0.8, 0.2, 80, 0.498782619764
0.8, 0.2, 100, 0.498778870987
0.8, 0.2, 120, 0.498788569866
0.8, 0.2, 140, 0.498812398578
0.8, 0.2, 160, 0.498850419549
0.8, 0.2, 180, 0.498900280577
0.8, 0.2, 200, 0.498954671966
0.8, 0.2, 220, 0.498998030948
0.8, 0.2, 240, 0.499002855587
0.8, 0.2, 260, 0.498926881113
0.8, 0.2, 280, 0.498713025071
0.8, 0.2, 300, 0.498291942255
0.8, 0.2, 320, 0.497580695207
0.8, 0.2, 340, 0.496466835576
0.8, 0.2, 360, 0.494774356495
0.8, 0.2, 380, 0.492217270111
0.8, 0.2, 400, 0.488341559222
0.8, 0.2, 420, 0.482451323377
0.8, 0.2, 440, 0.473562704764
0.8, 0.2, 460, 0.460620734249
0.8, 0.2, 480, 0.443431734928
0.8, 0.2, 500, 0.42388912024
0.8, 0.2, 520, 0.405248506817
0.8, 0.2, 540, 0.389643867258
0.8, 0.2, 560, 0.377274409912
0.8, 0.2, 580, 0.367361892914
0.8, 0.2, 600, 0.358993108897
0.8, 0.2, 620, 0.35137539496
0.8, 0.2, 640, 0.343801138967
0.8, 0.2, 660, 0.335545220811
0.8, 0.2, 680, 0.325773701135
0.8, 0.2, 700, 0.313422743128
0.8, 0.2, 720, 0.29675383462
0.8, 0.2, 740, 0.272289684424
0.8, 0.2, 760, 0.23583565244
0.8, 0.2, 780, 0.1899407549
0.8, 0.2, 800, 0.144090343752
0.8, 0.2, 820, 0.106496353327
0.8, 0.2, 840, 0.0795267109079
0.8, 0.2, 860, 0.0611262051024
0.8, 0.2, 880, 0.0485173741532
0.8, 0.2, 900, 0.0396440746286
0.8, 0.2, 920, 0.0331967767709
0.8, 0.2, 940, 0.028366251655
0.8, 0.2, 960, 0.0246466555863
0.8, 0.2, 980, 0.0217135903065
0.8, 0.3, 20, 0.499181983705
0.8, 0.3, 40, 0.499138830746
0.8, 0.3, 60, 0.499122803887
0.8, 0.3, 80, 0.499136307484
0.8, 0.3, 100, 0.499179916716
0.8, 0.3, 120, 0.499251452254
0.8, 0.3, 140, 0.499341730882
0.8, 0.3, 160, 0.499428834124
0.8, 0.3, 180, 0.499473760759
0.8, 0.3, 200, 0.499422643492
0.8, 0.3, 220, 0.499217966771
0.8, 0.3, 240, 0.498807326385
0.8, 0.3, 260, 0.498128783236
0.8, 0.3, 280, 0.497071657182
0.8, 0.3, 300, 0.495430829086
0.8, 0.3, 320, 0.492855525621
0.8, 0.3, 340, 0.488772026043
0.8, 0.3, 360, 0.482264215111
0.8, 0.3, 380, 0.471983545415
0.8, 0.3, 400, 0.45653688467
0.8, 0.3, 420, 0.436177649976
0.8, 0.3, 440, 0.414373078822
0.8, 0.3, 460, 0.395295738376
0.8, 0.3, 480, 0.380420974789
0.8, 0.3, 500, 0.369015144742
0.8, 0.3, 520, 0.359823382077
0.8, 0.3, 540, 0.351748449324
0.8, 0.3, 560, 0.34385552025
0.8, 0.3, 580, 0.335207539369
0.8, 0.3, 600, 0.32470716324
0.8, 0.3, 620, 0.310907572533
0.8, 0.3, 640, 0.291320897448
0.8, 0.3, 660, 0.260961997869
0.8, 0.3, 680, 0.216009024681
0.8, 0.3, 700, 0.164106153152
0.8, 0.3, 720, 0.118182118754
0.8, 0.3, 740, 0.0849762717947
0.8, 0.3, 760, 0.0630779570064
0.8, 0.3, 780, 0.0487124337453
0.8, 0.3, 800, 0.0389911416093
0.8, 0.3, 820, 0.0321489516235
0.8, 0.3, 840, 0.0271500648767
0.8, 0.3, 860, 0.0233767593158
0.8, 0.3, 880, 0.0204482869821
0.8, 0.4, 20, 0.499647611377
0.8, 0.4, 40, 0.499589042392
0.8, 0.4, 60, 0.499579724963
0.8, 0.4, 80, 0.499620819439
0.8, 0.4, 100, 0.499703382374
0.8, 0.4, 120, 0.49980045111
0.8, 0.4, 140, 0.499860003476
0.8, 0.4, 160, 0.499811901821
0.8, 0.4, 180, 0.499593234398
0.8, 0.4, 200, 0.499160911621
0.8, 0.4, 220, 0.498455667404
0.8, 0.4, 240, 0.497341740704
0.8, 0.4, 260, 0.495552798653
0.8, 0.4, 280, 0.492621577216
0.8, 0.4, 300, 0.487753484586
0.8, 0.4, 320, 0.479627076981
0.8, 0.4, 340, 0.466327691299
0.8, 0.4, 360, 0.446501596214
0.8, 0.4, 380, 0.422524546449
0.8, 0.4, 400, 0.400223304092
0.8, 0.4, 420, 0.382959998461
0.8, 0.4, 440, 0.370265266716
0.8, 0.4, 460, 0.360503614088
0.8, 0.4, 480, 0.35224969885
0.8, 0.4, 500, 0.344360533
0.8, 0.4, 520, 0.335712062003
0.8, 0.4, 540, 0.324912845563
0.8, 0.4, 560, 0.30998731838
0.8, 0.4, 580, 0.287522137567
0.8, 0.4, 600, 0.251290615273
0.8, 0.4, 620, 0.199036451318
0.8, 0.4, 640, 0.143292212427
0.8, 0.4, 660, 0.0991863726687
0.8, 0.4, 680, 0.0702518330274
0.8, 0.4, 700, 0.0521359920983
0.8, 0.4, 720, 0.0404826163972
0.8, 0.4, 740, 0.0326276852969
0.8, 0.4, 760, 0.0270844106878
0.8, 0.4, 780, 0.0230135917205
0.8, 0.5, 20, 0.500263238765
0.8, 0.5, 40, 0.500165043502
0.8, 0.5, 60, 0.500147678343
0.8, 0.5, 80, 0.500198465061
0.8, 0.5, 100, 0.500271832369
0.8, 0.5, 120, 0.500284190019
0.8, 0.5, 140, 0.500143031877
0.8, 0.5, 160, 0.499793874619
0.8, 0.5, 180, 0.499199573834
0.8, 0.5, 200, 0.498253060536
0.8, 0.5, 220, 0.496704972496
0.8, 0.5, 240, 0.494087331826
0.8, 0.5, 260, 0.489564090344
0.8, 0.5, 280, 0.481657783417
0.8, 0.5, 300, 0.468013627624
0.8, 0.5, 320, 0.446629321603
0.8, 0.5, 340, 0.420359153419
0.8, 0.5, 360, 0.396716747107
0.8, 0.5, 380, 0.379325307035
0.8, 0.5, 400, 0.366991332645
0.8, 0.5, 420, 0.357625783302
0.8, 0.5, 440, 0.349626850949
0.8, 0.5, 460, 0.341719814469
0.8, 0.5, 480, 0.332526307839
0.8, 0.5, 500, 0.320085093925
0.8, 0.5, 520, 0.301204766322
0.8, 0.5, 540, 0.270142544347
0.8, 0.5, 560, 0.220387263974
0.8, 0.5, 580, 0.159241038313
0.8, 0.5, 600, 0.107003935501
0.8, 0.5, 620, 0.0729178452394
0.8, 0.5, 640, 0.0524578948499
0.8, 0.5, 660, 0.0398431516691
0.8, 0.5, 680, 0.0316197259521
0.8, 0.5, 700, 0.0259598141364
0.8, 0.5, 720, 0.0218805396564
0.8, 0.6, 20, 0.501018709286
0.8, 0.6, 40, 0.500847941984
0.8, 0.6, 60, 0.500797594898
0.8, 0.6, 80, 0.500813124163
0.8, 0.6, 100, 0.500779085161
0.8, 0.6, 120, 0.500572216226
0.8, 0.6, 140, 0.500139767844
0.8, 0.6, 160, 0.499443918837
0.8, 0.6, 180, 0.498328165341
0.8, 0.6, 200, 0.496433002555
0.8, 0.6, 220, 0.49307479155
0.8, 0.6, 240, 0.486976894439
0.8, 0.6, 260, 0.475810781685
0.8, 0.6, 280, 0.456358957501
0.8, 0.6, 300, 0.428861520276
0.8, 0.6, 320, 0.401733760376
0.8, 0.6, 340, 0.38171529657
0.8, 0.6, 360, 0.368127214914
0.8, 0.6, 380, 0.358309246017
0.8, 0.6, 400, 0.350265411115
0.8, 0.6, 420, 0.34253793262
0.8, 0.6, 440, 0.333615675165
0.8, 0.6, 460, 0.321228748316
0.8, 0.6, 480, 0.301363532504
0.8, 0.6, 500, 0.266978996941
0.8, 0.6, 520, 0.211439982596
0.8, 0.6, 540, 0.145724353089
0.8, 0.6, 560, 0.0943166333982
0.8, 0.6, 580, 0.0633987779625
0.8, 0.6, 600, 0.0455726073777
0.8, 0.6, 620, 0.0347331829961
0.8, 0.6, 640, 0.0276855056891
0.8, 0.6, 660, 0.0228265687848
0.8, 0.7, 20, 0.501901597016
0.8, 0.7, 40, 0.501616058947
0.8, 0.7, 60, 0.501492878717
0.8, 0.7, 80, 0.501395452578
0.8, 0.7, 100, 0.501144436281
0.8, 0.7, 120, 0.500662181726
0.8, 0.7, 140, 0.499920026597
0.8, 0.7, 160, 0.498737401177
0.8, 0.7, 180, 0.49667531888
0.8, 0.7, 200, 0.492870807227
0.8, 0.7, 220, 0.485632618851
0.8, 0.7, 240, 0.471773696909
0.8, 0.7, 260, 0.44756805931
0.8, 0.7, 280, 0.416651639712
0.8, 0.7, 300, 0.390693314923
0.8, 0.7, 320, 0.373423041615
0.8, 0.7, 340, 0.361902208614
0.8, 0.7, 360, 0.353273102206
0.8, 0.7, 380, 0.34568708314
0.8, 0.7, 400, 0.33759970558
0.8, 0.7, 420, 0.326918287251
0.8, 0.7, 440, 0.309782742976
0.8, 0.7, 460, 0.278935886181
0.8, 0.7, 480, 0.225311256207
0.8, 0.7, 500, 0.154902440809
0.8, 0.7, 520, 0.0969828150915
0.8, 0.7, 540, 0.0630226226514
0.8, 0.7, 560, 0.0442877801758
0.8, 0.7, 580, 0.0332796780946
0.8, 0.7, 600, 0.0262878064632
0.8, 0.7, 620, 0.0215437006193
0.8, 0.8, 20, 0.502897428723
0.8, 0.8, 40, 0.502445173183
0.8, 0.8, 60, 0.502190650817
0.8, 0.8, 80, 0.501887166032
0.8, 0.8, 100, 0.5013673239
0.8, 0.8, 120, 0.500612632782
0.8, 0.8, 140, 0.499461592024
0.8, 0.8, 160, 0.497447106343
0.8, 0.8, 180, 0.493614677486
0.8, 0.8, 200, 0.486006757739
0.8, 0.8, 220, 0.470732729498
0.8, 0.8, 240, 0.443414156221
0.8, 0.8, 260, 0.41024940803
0.8, 0.8, 280, 0.384919040233
0.8, 0.8, 300, 0.369018775134
0.8, 0.8, 320, 0.358493602557
0.8, 0.8, 340, 0.350417588099
0.8, 0.8, 360, 0.34295120077
0.8, 0.8, 380, 0.33433449836
0.8, 0.8, 400, 0.321708429809
0.8, 0.8, 420, 0.299221319375
0.8, 0.8, 440, 0.256540106343
0.8, 0.8, 460, 0.187485487416
0.8, 0.8, 480, 0.116150890631
0.8, 0.8, 500, 0.0713005187311
0.8, 0.8, 520, 0.047698262254
0.8, 0.8, 540, 0.0346518241246
0.8, 0.8, 560, 0.0267519848445
0.8, 0.8, 580, 0.021575653899
0.8, 0.9, 20, 0.503989992943
0.8, 0.9, 40, 0.503308947343
0.8, 0.9, 60, 0.502848410679
0.8, 0.9, 80, 0.50227212013
0.8, 0.9, 100, 0.501495975977
0.8, 0.9, 120, 0.50042692828
0.8, 0.9, 140, 0.498630270748
0.8, 0.9, 160, 0.495168627001
0.8, 0.9, 180, 0.488053502684
0.8, 0.9, 200, 0.473036011293
0.8, 0.9, 220, 0.444480053796
0.8, 0.9, 240, 0.408963987898
0.8, 0.9, 260, 0.382825423485
0.8, 0.9, 280, 0.367120167193
0.8, 0.9, 300, 0.356920034227
0.8, 0.9, 320, 0.349070882199
0.8, 0.9, 340, 0.341638003211
0.8, 0.9, 360, 0.332635638564
0.8, 0.9, 380, 0.318515125716
0.8, 0.9, 400, 0.291709425498
0.8, 0.9, 420, 0.239527986188
0.8, 0.9, 440, 0.160744273305
0.8, 0.9, 460, 0.0938531212778
0.8, 0.9, 480, 0.0577878134832
0.8, 0.9, 500, 0.0394682796128
0.8, 0.9, 520, 0.0292269027383
0.8, 0.9, 540, 0.0229051434666
0.8, 1.0, 20, 0.505161704537
0.8, 1.0, 40, 0.504179936519
0.8, 1.0, 60, 0.503436618189
0.8, 1.0, 80, 0.502578137762
0.8, 1.0, 100, 0.501558080225
0.8, 1.0, 120, 0.500044466278
0.8, 1.0, 140, 0.497202356237
0.8, 1.0, 160, 0.491243358699
0.8, 1.0, 180, 0.478092128709
0.8, 1.0, 200, 0.450670056358
0.8, 1.0, 220, 0.412565039782
0.8, 1.0, 240, 0.383758876269
0.8, 1.0, 260, 0.367113496839
0.8, 1.0, 280, 0.356705500633
0.8, 1.0, 300, 0.34886994492
0.8, 1.0, 320, 0.341487923665
0.8, 1.0, 340, 0.332415792999
0.8, 1.0, 360, 0.317734121313
0.8, 1.0, 380, 0.28902388692
0.8, 1.0, 400, 0.231373385198
0.8, 1.0, 420, 0.146320092058
0.8, 1.0, 440, 0.0822424543138
0.8, 1.0, 460, 0.0505760048796
0.8, 1.0, 480, 0.0348270204362
0.8, 1.0, 500, 0.026002673007
0.8, 1.0, 520, 0.0205167038088
